DHX15_HUMAN,G3P_HUMAN,HSPB1_HUMAN,ENOA_HUMAN,NPM_HUMAN,HS90A_HUMAN,HNRPC_HUMAN,HS90B_HUMAN,ANXA5_HUMAN,H14_HUMAN,CH60_HUMAN,KPYM_HUMAN,ENPL_HUMAN,PGAM1_HUMAN,NUCL_HUMAN,RL13_HUMAN,CALR_HUMAN,S10AB_HUMAN,MYH10_HUMAN,RBMX_HUMAN,LPPRC_HUMAN,RL28_HUMAN,SYAC_HUMAN,HNRPM_HUMAN,RS23_HUMAN,TYB10_HUMAN,RS4X_HUMAN,H4_HUMAN,RL23_HUMAN,HNRPU_HUMAN,PSME1_HUMAN,EF1A1_HUMAN,PARK7_HUMAN
10.138794901339798,11.524011945127041,11.806159179658946,12.30633770685509,12.211718950649624,13.153176563088573,11.836855217726052,11.4159168409505,10.156133052492939,10.7163869887823,11.203810554396743,10.704272378667993,11.82243956786678,11.210308739587187,13.077971653042836,11.498268854717455,9.515108680475084,11.274925219356362,9.30989967704052,10.23605084539278,10.02108493941143,11.360848509379142,9.694921943606717,11.693426766236044,10.508255017706313,13.162222645725455,11.946128010118077,13.070566621184257,11.70214817710169,11.900438169661504,10.301682253420724,11.55699517418208,10.869680987364395
10.529978523579254,10.794311268770862,10.258825088547216,11.309956789050013,13.800265230499791,11.201482460194995,10.135499121565243,10.762351557320267,9.204579264991903,12.644680688533285,8.893300066007239,9.425968082191481,9.93737524634424,11.194548987398445,12.908696424100656,12.544304983822592,11.536954107629976,10.898174944468472,10.402488035131613,10.988040494112427,11.190206896416882,12.032626075630203,8.563286914504024,10.649974110397809,10.934691659003235,13.586063260043753,9.903335729418227,12.13672505966287,11.567098102956903,10.205119477264677,9.694945493646388,10.583553554567933,12.173374701203725
9.753044522569304,12.432980619142548,10.628630733322694,12.37570619565769,13.273358841723308,9.47139122466643,10.003601461869001,11.207703089120676,10.76711508730163,12.254152499866645,13.596980788877024,11.70123024165922,10.465280094623695,10.613673103255895,12.487495705039535,13.528418466010907,9.691975601258664,10.550562315485616,9.754036033287527,11.625650382287903,10.041321215397753,10.223567073194644,11.272971574163883,12.678319353824376,12.920240539728477,10.046220276971821,13.096053165558853,13.07235052498762,12.250683359594401,11.591107926009851,10.318408904296744,10.8514063060858,10.529786867633188
9.080338686077496,11.870877512277119,11.450412149067706,11.243290390675401,11.320354622973499,12.105900695530634,10.663560704375248,11.981799173718718,9.975863389664585,10.290654018654708,11.079947213088357,10.439233335980633,10.863080382388137,10.653267110426574,10.881269063509801,10.84914748050859,9.094605931548436,10.916992404020913,10.448271989763523,10.874842015000102,9.687955225005512,10.649496241821597,11.103025957970889,10.65786019215278,11.867306602010375,11.894861442351202,11.963329790725776,10.196223355111599,10.946260608819358,10.724775686965055,10.294207480868524,11.354245503610269,9.93127141960294
9.785034650868145,9.430035837832024,11.858491109595779,11.846412319099937,12.266615892156514,10.45360559666793,10.59502691873186,11.155860656554271,12.462203402414435,10.722973123464142,9.582264082504091,9.149904297506225,10.223303781443123,11.927297567868292,12.053650883240556,12.006634307895544,9.758657010509939,9.379306821933689,10.547384546917053,10.356857955126829,9.415850517852286,10.420058918500407,9.818883572806799,11.868787103904541,11.307069871184472,11.671800663215619,12.47381709362395,12.42434509755105,11.245144473075328,13.46789731293095,10.364521271485787,12.412575550194386,11.450419734843429
11.669944718679169,9.992888775559214,10.863624417928378,12.336051823822936,12.946115731854995,11.133512803601437,10.344724778905354,10.908931297262042,10.959882107074808,10.941620222562875,11.807428701984152,9.856203912538907,11.109812897854926,11.242027785574873,11.406281038927304,12.900445201594534,10.133421090655448,10.673602944586756,11.414027175235333,11.825941725154227,10.252211573394378,11.70143759270003,11.1160385279934,11.161218260623539,13.244365434690824,12.241490910835049,12.675633167381118,13.647377086874846,11.370387835804385,12.422345691093408,12.303861700550943,10.47628723569369,10.838313220799716
9.379028741306717,11.731224134301284,10.677001623474448,11.245755669406838,13.185129819075778,10.714762545670828,10.27643663637705,11.890566302427374,9.602248156726269,13.166848232100325,12.175433688751621,10.874678965846792,11.012130304995358,10.740991060800622,10.721174393718847,13.446067747473041,10.061138483758299,10.737002940926272,8.901019408433829,9.506469992090333,9.257115391301534,11.654870387849757,10.06404409456122,11.401104053211574,11.52877915521955,12.109869330518244,11.559048776033313,12.624374133280895,11.205519859635281,10.603147254975992,11.480842785457629,12.223984037039163,10.059605638798939
11.086426576878681,11.74765907782413,10.250187430449863,11.516254800432149,11.100098663393533,11.60199355180436,10.324237147472811,12.499975891827376,11.403547675360297,12.701285488031246,11.595605724374144,11.241603631428864,10.721048533904053,10.722349827381308,12.133386587358828,11.275799638591984,11.460219261500754,11.206421148236833,8.859832295076968,10.005129743614434,10.054806301040301,11.707896028425363,9.91976111334183,10.855566549631497,11.491812160442459,12.021446413026906,9.997440162980164,13.220729808869358,12.536130022601432,10.380511721910674,9.996082960477862,11.651511105755157,11.039871761173906
10.547972980050154,10.645326828557067,11.185186419867055,11.483923320519535,11.985651094654695,10.848276442569908,12.257879007630994,11.854027338209196,10.478217677017998,14.697671975793401,10.690087633798747,10.565959395665113,10.896015641288946,11.774952407598397,12.944606134128167,10.833215267933667,9.501815438337243,10.783755833280592,9.883744203177793,9.66815080149969,9.394012692042004,11.725941942868431,10.341546257089787,10.735251400337525,12.025705400625757,11.717311288403275,9.809040514397966,13.194355202245548,11.372717610926047,10.975607797042066,9.752038987086395,11.306397236513693,10.35002991204684
10.347800112970578,10.406879126549242,11.420572914499637,13.107203163688643,12.5128622291395,11.950614355845278,11.068799405946155,11.72380693102522,10.362866753910176,11.991781143972679,10.038555993923794,11.560513331764966,11.367079160908698,10.5837742450087,11.744139729277409,11.583947710670927,10.277504713937315,11.094361576274258,10.731386323073247,10.654791495021295,8.414994779675341,11.572600229497098,10.472115362800466,10.099914496218904,11.939077733130715,12.213981287875576,10.079538313567122,10.812982405575692,12.09471952586932,10.66351335479509,11.280536342631088,11.204605894815959,10.844609479330499
10.946444326748585,9.50406272892348,10.216259650793885,13.744150095029093,11.438530735646085,10.558737494678875,10.590343401416645,12.351560197165746,11.107874828892152,12.026584616605287,10.040826073963013,10.989239291500414,10.817746729578326,11.92612969214678,11.97695670213207,12.21603904686634,10.081216667105883,9.827720697539112,10.133686853868975,11.724043920852207,10.154149808480184,11.271834682035577,10.431667915848,12.916258003224335,13.741141772218064,11.067327384114424,11.803280003055301,11.235780826362284,10.807716720148822,11.825518421284174,8.505202371677042,12.134635676408758,11.451617898344706
9.116615138292657,10.898234930371924,10.86415021269812,12.999243474258495,13.116630835733107,10.433845640493928,12.478146050582396,10.161201459417965,9.59796286235976,12.118694052637816,11.373382656150085,10.503934343421626,12.684133206127548,12.923912783183042,11.240168453454036,11.98373605096321,10.05201243403981,9.44472627594452,10.116356044698167,12.038498816588369,8.577583483294008,12.591644238054092,10.952499315413538,10.572410302161682,12.32403438176068,13.116234276141357,12.170303213738556,11.149772070562555,12.129149195793186,13.568489782042436,9.663101015993377,10.070923713517622,12.633373322181358
9.686381912213532,12.515747571369968,10.771977570043534,11.116587197643398,13.809352607288677,11.855887208973526,10.279291430332874,11.892828776833943,9.35331842358014,13.27577739991694,10.449030350575462,9.736015656951558,10.094031675098659,12.609196858323191,12.063479964729842,12.675330246478698,8.67859370473749,9.312512810070485,9.245430259976413,11.592163933785068,9.715777473165009,11.830738255094893,9.828397480695179,11.13253164265603,12.202659295213452,13.577183812958044,10.816209967475384,14.216140647375813,10.98500850756646,11.487900517891275,9.747445857293325,12.325105112365055,10.678772601131218
8.101378135121923,11.358211340399475,10.196333255574961,14.739606618075397,13.511098059876794,12.575656234207758,10.394352426856962,12.028368925760198,9.83443923047918,11.970957482384382,10.906855316207382,10.278882931441682,10.929180117414434,11.093182191474366,11.072650299101666,10.782869895165037,9.007639820706851,10.405304946792711,9.560465777516585,12.057445980564365,9.015254052264307,11.821875813805077,8.748360672773044,9.22573236524502,12.961933933034883,12.554787934472266,10.776783827930469,12.641595727748394,13.076049956833103,10.170622829524438,9.31749998514696,11.868386288513252,11.076292336256541
9.868685560738854,10.848453748542127,10.943457566864437,12.919291806095234,14.280090095951724,12.139937754306265,11.164808939167665,9.905098104693932,11.313382902652068,11.873860175287223,9.934861050063057,9.73722354077024,9.879588040249583,12.270772929335964,11.428277084826902,11.669774820796645,10.36224316991296,10.854515101099887,10.452186760295854,9.76381676163719,9.712259898309352,12.667184618915474,10.930541819502299,11.440098960559148,12.007821336359807,11.471906285751686,11.01274126618871,11.470585218600704,11.790748258039446,12.033616873743235,10.03465185629016,12.426414005782814,9.6883659482275
9.990195330290428,11.328160447809697,10.836118410650162,12.148183430227899,12.177650083954575,10.896819292062746,9.98776025416947,11.556418939996801,10.2576967273242,10.51098238623228,10.230955087650853,11.845897834264214,10.732698314621642,11.736144418382471,13.209316717909756,10.372752736294245,9.115491514688326,10.808116939844675,9.813190710618466,10.021014337955178,9.4454331182797,12.558376113578325,10.603975142831834,11.257243194199996,11.380030997009314,13.838837960315285,9.82728951291675,11.53887906306372,11.72018543539821,10.97633361092557,8.203391542109902,10.75739253498103,10.650676386951442
9.901862252948652,10.779764052052467,9.090807089831811,12.81320898698612,11.318456200888784,10.144187194130467,9.37465464247301,10.7980736998205,9.717764074713205,13.407417660179394,12.172126028515518,10.441275486215208,9.575314315118648,12.567238593169398,11.28457715289595,12.564813663136597,10.51721112146252,9.59788561655823,9.653652586021197,9.904729944354855,9.73469030526461,11.697135133056323,9.605620088088068,11.00459198553316,12.609080733008291,13.792503026751747,13.220602470099532,11.587107026789921,10.832920415069934,12.727385960740143,8.491171475786736,11.095759213742435,10.217894154257412
10.965393944022642,10.679380370867728,10.973188478961747,13.405237751848633,12.016412869595374,10.883147318176807,9.88221470682942,8.602394272690209,10.637993981719092,13.160755731471061,9.94574347044589,9.927676088202505,10.545385950445967,11.7670567592833,12.070399061883851,11.867859150074617,10.719147911010229,9.84903987319974,10.243768687027817,10.464265651173552,9.841024149322621,13.69599923320546,11.950882850068348,11.804722267748836,11.29400409866086,11.635244146253493,11.197435108346014,10.226538304129608,11.820413983882991,10.691817849186963,9.785823904351886,12.941000350926325,12.222507786620934
9.870221264573718,11.45277654113508,10.429102864378287,12.234383371712331,11.433695428141927,12.29785960833348,9.246038009356608,11.492373970618825,10.9609759793719,12.052559651107439,11.167402211921955,10.525996427571142,11.680255415751606,11.875875753682273,11.376117467527507,11.374080693080584,11.383162648867534,11.048384919912952,9.698340056064225,10.804667392735567,10.184053716263895,11.430372853049036,10.34680102632597,10.48017535401357,11.662948174209234,12.077615335730181,10.721809985459918,11.313723298706169,10.153244187580274,10.18428133925927,10.174899004469848,11.42782283805577,9.784518230735692
9.550653943888289,10.576565018566837,10.910936634668507,13.008565878501141,11.376341703931462,11.309528200716851,10.57418519569127,11.174330952788889,11.830232674723629,10.918388898954543,12.049040698228069,11.59391622616576,9.486456108073162,11.075635068226914,10.944663184925352,12.21620100856087,9.3468061745133,11.948927980866692,9.397816751191788,10.815859734138503,9.92471649808877,11.272275267305288,10.497121551871578,12.447610804782256,11.40803568032309,11.522718989577148,10.38227243193708,9.273033179575558,11.154246537897484,12.501051806744721,9.541286779625672,12.136360763752974,10.703838363253643
10.37228350652726,12.092658929611375,11.425751650582546,13.209355984160585,12.768455855243744,11.702169250976047,10.55760894769612,11.392198487626981,10.499762507939767,12.570585568228191,11.694935116173975,11.362563179982827,11.275755159324046,11.862377618267844,11.467623288989259,11.042649977762485,11.893400767980667,11.062071464718498,11.031175780792072,11.940889290781929,10.276091301306817,11.369572648106232,10.120685837460773,11.11899169151561,11.318596259593463,13.53596507059735,10.448443202573086,13.171738514545725,11.881616979281182,12.069857254320224,10.349391794759061,9.698866329949317,12.535694892273812
9.66881417722564,11.572241595506569,11.78574210642688,11.647178121413273,13.761731658518425,10.826005897553564,10.866699777779584,12.358535670852595,9.969572637046847,9.93163330491669,9.937595867167596,10.076749970839016,8.968335365427262,11.974124518876966,11.350484282006747,12.183886504376574,10.116575692997586,10.344452888174997,11.07032875780927,10.76849764314809,8.784995005249241,11.836106011785455,10.443018341861032,9.860602418203483,11.413687173809084,13.246697213506728,10.852547547881816,12.671917920449442,11.925983960913902,9.68714767104952,9.941483889213025,12.664364144187598,10.590083351713435
10.350250981236368,9.876359948253672,9.599445579978628,12.032064769078296,12.941282411957364,11.45651941535384,8.95181836864708,11.621419411355822,10.06830726688221,11.650252816686656,11.048095907297306,9.779902822745845,10.111607351605025,11.729556906805378,13.459466420842451,12.240244615736348,9.36212329770244,9.817868103995774,9.689115002265678,10.722491744845488,9.96454665929719,11.669913567312758,10.312534602310055,10.116663369618655,12.3451430178261,13.596258989654796,10.958989336473163,13.450018108723405,12.298469083576283,11.277118066929718,9.501758087723337,8.985766679533928,10.158158849826894
9.766087714102293,10.201417976108395,11.72265198277212,13.296302828481586,12.15990631872345,11.583580775626054,11.209676410554904,11.96787385652262,11.208311532866594,13.183753580504034,10.939056931382012,10.363641038959184,10.645882778614304,12.269364615495741,11.471701568981135,11.458380723611379,8.573099728219352,10.139780865799098,10.128951957032422,10.887524056004589,10.575220018934811,12.518639930221854,9.405708263648322,10.616626678097271,11.716075949366484,12.69760443448255,10.639073423328758,12.131061331348825,11.776809339858035,11.154528591714325,11.011444911508278,11.688464657507202,12.063775823459052
9.430685602079587,13.462706651388215,10.48322450701699,10.990060535965384,12.13166171320529,10.631698261885273,9.865764681696959,10.105631653808457,8.815061835765441,14.704481814629943,10.047016087228481,10.14309575312443,10.748245267955145,11.394575032913597,12.617043873372578,11.744015714802657,9.777310166517012,10.201964392735348,9.830298156867947,9.47836634200181,11.339618208427073,11.574846753874725,10.267749252676804,11.684674331146471,11.093766613958863,11.500439163995589,13.263634030852932,12.643844350391335,12.504970961664254,11.864736698091779,10.067917630326843,10.984783094806888,10.379517803569447
8.647770241081954,12.03436037337889,9.144274684874869,11.986328546389256,9.376267949755722,11.861033668481362,10.863768900282786,10.52799872160833,9.992751058757884,10.896756102638541,11.556910896796298,11.198002513942251,10.213707696756003,11.962855980737091,12.306145827916767,12.127015353217256,8.97146357832332,10.397491710956864,10.96531761197962,9.861981054463676,10.10484594771042,11.42765932330694,10.800096151128955,10.458004619385614,12.693496923718685,12.882149924017865,10.365826020331397,11.278529848768587,13.396956316862642,11.33663477518223,10.993121998805568,9.84588749613161,9.03060723740927
9.776949031445772,9.103368461288426,11.378795811484613,11.092959874025759,10.519284861561921,11.352161690408709,10.206456950804442,10.353775784846142,11.89254039078881,12.422780780465885,11.768954541326474,10.1079056157814,10.666522919518053,10.82478729194636,12.909776527229244,10.899511755542951,8.553065475689404,10.704057079225215,9.010305909203186,11.349495030162547,9.557501943896705,13.966906647213538,10.466863425153226,11.542716296397545,12.372473339826856,12.88864954267571,13.008485909421628,11.052477616751904,11.05654817068247,8.782155215478149,10.495553395888923,12.731846236809625,10.577680044005959
10.232985598021406,12.548814332496477,9.448465617185844,12.536441805341957,13.11963203222019,12.809620135558017,10.53392919427849,10.652313431899454,12.811951572708377,11.875758282707807,10.241411162413792,11.019219964510413,11.851658453812464,11.07014443703994,10.376827279982077,12.313463115390602,10.55853262459398,11.152468223070032,9.641289961434722,11.1645211333629,8.496010741695894,12.084753758679012,10.887992827642332,10.52628351697668,12.66764897409195,12.502631936542972,10.695965302909395,12.566483306924429,10.540815092816553,12.28343278635679,8.855675287336332,10.29095586237834,10.263645796128335
10.754412668652925,11.323445998238629,11.050050073374315,13.260934374130596,10.457099273271776,10.627824054410357,10.169056149409448,12.194905732171136,11.718257737156305,12.637734686013815,12.108052263385133,10.235502788812122,11.414692139573566,12.050994807033502,13.204938224494718,13.65584391538279,10.35490823191326,9.758679055614522,10.416864505251727,10.192332144409685,9.98877903094444,11.92988566605549,9.816929776326823,12.036842139195704,11.09703147738353,12.188007191649842,11.27751131695797,12.851062797736063,11.490853013838857,11.65256373180267,10.06837014355313,10.690783199008566,10.962273952944527
9.393893826355555,11.190170405638652,11.082155779229847,11.035834308065693,11.187930487365922,12.288184627457762,11.479578961587867,11.011261326257346,9.098548208925276,10.180590909947172,11.41267138021869,11.166084527979608,10.036014759781086,11.777709800523636,11.935998098165415,11.119904649052735,11.183375758838844,10.270176119586994,10.119376346473521,9.83267244178336,10.876634039601377,11.830026620030045,10.83420019851441,12.063306562320715,11.843634372420391,10.961486333015374,10.983707397540167,12.537300191003167,12.544892099608852,10.385012313077862,10.119957345021378,10.523688888778164,10.394446233222217
10.293355458772938,8.19635478094227,11.505037955324692,13.868599134975884,12.251252864162709,11.488137072529971,10.08224078902926,11.414543028812135,10.147737069188885,11.970363381092174,9.344547161486602,9.802477137201436,11.978522906385402,12.00373114183299,12.57861313794179,12.612455237793082,9.954954500286037,10.931298519312303,9.605678792910453,12.23110565724506,10.106669955620053,10.573695639223045,10.130696327455539,9.62922424777049,11.554855459604662,12.753699735517184,10.57575989120751,13.960699256429919,11.300554609242774,11.075125333965323,10.302759796684406,11.32839759380461,11.805556876369579
11.142183781209994,10.546714815158047,10.363031912889305,13.223802282158596,13.828861933911966,11.627582473083573,9.90866192368479,10.128393597971492,9.148286321715176,11.260039176986623,9.985845418547324,10.749736413623332,10.265596606884875,12.168210543745566,11.56639288332258,11.153360302700447,10.837630450233014,11.22278516653913,9.484862805273742,9.67132030897358,9.042728010135267,12.651649158952424,11.749361285398184,9.896921709476507,12.016614482891912,13.517265159604541,11.678184780101475,11.766995457502752,12.486027172399913,12.328634136198753,9.850918296412878,11.768376422606183,11.283983118479194
11.247835029624552,10.683993520612894,11.9963024023703,12.461512410962648,13.039294046494017,10.68315016599108,10.987016357076994,12.529504130771237,9.365449275090771,12.692547936821333,12.032237196177988,10.132195488545419,10.198751741027285,11.774558486212477,11.833412717341146,11.517192945481964,10.289573332780257,10.910114393589417,9.313651691637977,10.805902511597262,10.26083007816531,11.675821592669006,10.812684856858139,9.985455811549503,12.701044456128411,12.819865717755093,11.733402483896045,10.60349543768069,11.688001425891194,11.108554181690073,11.076588342444985,11.309691913698202,11.41627947414969
10.38061983914713,10.211882741677556,10.113936056437963,11.749104876550868,14.235677283622344,12.341137294037896,10.650120668597404,10.552969637319952,9.644199614900543,12.085625647075476,10.216044814834023,11.099050348503104,7.712237004892406,12.165751892641033,11.349741739925067,11.952986235078244,9.372846950357284,9.722253749802299,9.181054960613697,10.751007085846174,10.127843946283932,11.074191800342366,10.029465528161342,10.62458912122555,10.88487329083374,11.910313620184732,13.656017244309954,13.144794371879037,9.958423933655459,11.248339544294733,10.22649804741912,10.751947303025505,11.321677172450459
9.20039041596604,9.852213704999551,10.437571330254526,10.795228390726143,13.32826614207709,11.31293124387469,10.342104263842492,11.322469151233737,10.68664493241738,13.211722631797274,9.903044200882,10.123765544132434,10.476088057488763,11.662519727918154,12.286856610065099,11.832979758815046,9.497374045929627,11.327657206363591,9.604866595143303,10.211660950333526,9.703327624880624,11.973555551253982,10.167823897836282,9.818869661706952,11.433740256882649,11.85933850309446,10.708192653567094,10.609819250989585,11.056191799296077,12.965457009335811,9.622455360590212,11.046878447288806,9.62458736029637
10.272984551426937,10.71855760485161,10.607927759417299,11.17547428246642,9.47958146547704,12.219813980691153,10.85493458882662,11.350945868485804,11.07796257288524,12.899417993125088,11.687136593056243,11.41691384382721,9.48067914699794,12.542834786238757,12.123772281981172,11.125156876024734,8.641622006817363,10.542243671390068,9.861742902297468,11.846161325222372,10.169815504220765,12.48184568198771,10.02871225901941,11.13579811258764,11.786755364396262,13.937294894569774,11.357002120723715,11.939711754409636,10.587834414736013,10.96586939824645,10.340846640803596,11.926492161720553,11.04589026391242
10.994262649587933,9.430765606123426,9.206638705482309,11.563032895755095,13.426511753912244,12.100852556650583,10.09746357879832,11.763318050845614,10.913811102681851,11.422594875140282,11.257607029455976,11.823642869287475,9.373540061799977,13.91811994918802,11.844900727604644,11.997658064714622,9.200597882281627,11.211735963308318,10.782974722329907,9.998805462077936,9.398692216559297,11.769929760967655,9.537860720180811,10.770321713959781,12.510618518645089,11.72038833788719,10.624470086659583,12.252532353186878,11.407379684883935,10.997665566371198,8.940585735542133,12.068989268110101,10.315866323216113
10.612939556480772,9.797454150289319,9.78666262016657,12.147351301698324,12.803039595683856,10.778223425182741,9.539706411781257,10.358062358187599,10.230953484682459,11.34054515998985,10.313119948853991,11.90101109554856,10.988152123549876,12.124016807045857,11.126177877951024,11.489140105333096,10.584369986384988,10.314400926400973,10.554133486654052,11.986434094438629,9.394466558745442,10.407088998165317,10.973756697609614,11.176545037795604,12.347790135274767,12.620171301877255,10.665089063629432,12.469653559368952,12.266245163554006,11.135979335241915,11.514418628101776,10.971469460040264,9.29631173680201
9.834669086824738,11.372084369275356,10.386030816715865,11.551924740623392,11.284241484995727,10.815029739396484,11.07797419608364,12.604568899074454,11.497723127940056,12.906661968522886,10.08123415269511,9.581701837450058,11.868287587791054,12.066450704303511,12.362415616864604,11.452298810423876,9.098784612338532,10.607045220497882,9.343835364686198,11.971228341492651,8.918711022365311,12.28121729958663,10.641243460022379,11.213191041109576,12.020412783793413,12.812671429420487,11.54539984990055,12.097158483528574,11.922798924071504,10.371877467650087,10.050145830512866,12.28362042824296,10.042001690217319
11.245605865585716,10.639374330485952,10.53524413412969,10.982678171752815,10.24899591599565,10.79821186387804,10.381270902176187,11.606645532711495,9.893791431059393,10.702248321523646,13.033805200421714,9.76219530183666,10.350638829056885,11.356092854443757,12.219335565916344,11.69079890037568,10.211409708736097,10.681117600445639,9.901709138007444,11.575130243157865,10.17300063783806,11.91263289537973,10.125754500602227,12.295192103273841,11.509118903053714,12.925993643135982,9.567693109438034,12.167370941850328,11.974006421728088,11.294129552692612,10.023355486806912,10.486131699341803,10.025137929185984
10.673549956205935,10.486866630214967,11.852090172670499,12.89767131973947,13.464461682952027,11.923649174982941,10.144403790315547,11.904422666298524,11.133934397873409,11.641930069829558,11.3676731779546,9.946739002622103,11.659779470974588,10.885020658250628,13.729859703144658,11.03141135011434,9.954399277614955,10.216319536270959,9.223809478398522,12.068553187777304,9.12194334176637,11.748513855871346,10.821120168868623,10.326516838446558,11.910859044219727,13.39477990418922,10.918314742434259,11.676178085922867,11.308725615304674,10.84157072495973,9.26851783525263,9.937028610125926,10.37798595843101
11.064140002144656,10.61585588415511,11.363141152888478,12.74535465026269,11.13580383837197,10.461007552493335,10.048874124889732,12.530879208644524,11.172311269956356,11.780393706838128,12.164780319228006,11.217455085362312,9.391661574603637,11.0933299472796,12.183239988366646,11.840206192407225,9.495549080392529,9.460184500362566,8.865455184001908,10.864762479166092,10.0513160448255,12.329583317811206,10.862826148080881,10.788587483584603,11.778491870677005,11.01079500323327,11.818198377925498,12.49093101787094,13.035892997746261,11.578566859637593,10.102835358395486,10.451634071598816,10.979417404803455
10.129719529853473,11.3687567881967,11.530398399925023,12.837007263279656,12.20834806920879,11.210574173741659,9.987224333781288,11.852467200510427,10.616334861119945,12.312940303269487,12.987712090331879,10.046379176378188,10.585012536503019,12.113367642982269,12.563932412911692,12.383410184629057,10.052152559414383,11.542778058057788,11.112368411104951,11.097183771042335,9.323322125352437,12.665694799801928,9.894792482615046,9.419678831374995,12.66328424311925,13.251276059745729,11.097257771917066,13.014743267028855,11.23194457129203,10.157375375057095,9.195443973386716,10.732678589113391,10.687371605653487
9.587550814457702,10.765862602022025,12.072850109723989,12.54961173673144,11.405945622389783,11.251480477166407,10.403975640904177,10.9952442680254,12.08304907171582,12.685393785857288,9.712491475084645,11.793517036428277,10.043605795626622,11.807245327672376,12.534370326329952,13.605509674341345,11.542596123690487,9.552210979532793,10.2643970101038,10.762193197114359,9.568785030421775,12.996968883910949,10.810416067867429,11.611303322082186,12.294463206808855,12.016132487341979,11.306823093883114,11.57622452351718,10.417617224599777,10.329089358812677,9.991904917067949,9.731580450002676,10.570650905291494
9.524133941834657,10.935994812398128,11.08256017941149,12.294048583042693,10.177441724624092,11.811960247986853,10.335866412828068,11.214499751810763,10.270464668842132,10.612815682481992,9.466435514112307,10.553537642467948,11.86206476011977,11.217439575157268,12.986598613863315,11.07288246003198,11.532930267298399,9.725334846019518,9.322349565216257,10.981615630514606,11.933628572773962,10.598450660540712,11.08369666726608,10.729697576170205,12.507611574460691,12.86167118529964,9.470253671661519,12.451274224288005,10.889668509052894,11.86159134785614,10.389577186967568,10.97140704425323,10.662924536510337
9.445329913472982,10.955094918238174,11.205570575292285,11.807751627376884,12.285515307687533,10.583382563652783,11.839396951459726,11.64054597613579,11.480437924293595,13.59180379369302,11.118019839674346,10.453486702630068,12.630653820891343,12.907715065224801,11.433065180837406,11.706921499522576,9.909369439842173,10.774448621774736,10.540808299169388,11.15130004076457,9.079622835978835,12.438235877871458,10.329950563062598,10.980648739981717,11.919186543169742,12.671539534142328,9.449292857740438,11.674544940525534,11.757187812256396,11.211060320654767,10.975249804856656,10.138149496586474,11.418170091974366
9.044824921956753,10.448821101334413,10.777846403617351,11.6484874013336,11.85287971776423,12.161578018827177,10.118464117206875,12.820973805964408,11.511878207462916,11.51623744472472,12.094452508151244,10.203614144500175,12.833621125069117,11.624934184462415,12.545073321436519,12.154633994134022,10.872251317535188,11.254273846038574,10.063990226096934,11.575078674139652,9.22984831411009,11.881560009396228,9.575699988889895,10.189020906922288,11.684595350525333,13.916761092085434,10.523325242164448,11.99304779169141,11.612518995788689,11.558032176003506,10.477400402159805,10.14838225661761,11.08204187058308
10.050674465622102,10.585309075146935,11.009248119151293,11.644293592388406,10.940605660537368,11.664961459252392,10.822673175964356,11.735613507419151,9.408498409263247,12.931064746397599,10.972433249614015,9.008776065849611,10.405525479326098,11.307300831476912,11.33895425834367,13.330650684077654,9.174653531164264,9.104391384490455,10.78681985635941,10.537140136321653,10.036394775901485,10.443808082782649,9.519760152563434,10.758634633261464,11.12458777342651,14.379901353849327,11.28988378774537,12.583430129312225,11.285255200467374,12.081556698859178,12.074666370855242,10.891616558583733,10.720656220937478
8.817106437162975,11.892567447135345,10.146118603045545,13.478123869655292,11.86378703745405,11.467634972460795,9.528483339995505,10.653536835939413,9.820576308753013,9.918788894644443,11.470229623970157,10.111542345145388,12.06108250450886,11.730362851872732,10.931162886411915,10.685511225748787,9.071746390719907,10.107406264335333,11.118437320171083,10.321696710246242,10.087568676591243,11.462373607034449,11.366689490318747,10.376017127102125,11.291481549726837,12.26389500225369,11.540645503422814,11.192975391819957,11.524907596861473,11.980377040581601,10.36991340697066,11.181937588249735,11.141482411514973
10.492067045067827,12.602215999316284,10.98816249390429,12.3911675406956,13.1337973742533,11.045268685277271,10.127425061450761,10.94373860303161,9.477799060724278,10.364123561670741,11.509959331351478,10.9726668525263,9.867428785387759,12.261777730010902,11.665448555754892,11.297150656197191,9.553044243272803,10.05447715003583,10.10422205912269,11.014928014813615,10.487860126200236,10.645387579385334,10.635394889013465,11.689088284845356,11.953723987418782,11.681431285649394,11.456584994175333,13.914890141513418,9.855603504774306,10.518835349907706,8.964190600492307,10.078748278544888,11.621908013955965
11.89772274905112,10.418880992992234,8.700011226901465,11.554137486027978,12.016651378705552,12.066199372986706,10.532860984005922,11.682322765573407,11.032653825578452,12.967256608784151,8.343417264563225,9.418124790726651,10.365691204689863,12.022919681541103,12.996153895232421,11.228746951919108,9.875345710158005,10.716063196921887,8.94525024806553,11.249982008909813,11.471330672298452,12.509765225015121,10.41700108999789,12.280396367544158,10.34547969696122,13.519963043803354,10.758843653399786,12.472118415235949,11.77889089642998,11.937769651643745,11.771098283186708,9.142906331985827,11.34596788452304
9.580083738075182,11.257413673504736,10.682500845108764,11.895864147380221,11.236295066014382,9.935621348710228,11.328511527292916,12.617520958638641,10.42776777815208,12.441765863433453,11.062567376373389,9.620665895952929,9.111265969260746,11.387460066181474,12.315779464134785,10.271115647541615,10.351252836090447,11.098886967825148,9.626216087745725,10.093558220196071,10.53379886626712,11.449091942293109,9.661374104308102,10.171943636832454,10.804231386224103,11.945211792660444,10.119415191339609,11.406787657637498,12.306715327352235,10.422854275523395,8.751268630660542,9.59330307081863,11.761962574447885
9.506816013026548,10.962182653429076,11.441251744497912,12.255995734343182,13.462158336349534,10.939825292925079,11.916775323926993,10.654516835014528,9.923971904772733,12.527631011165974,11.130553500055779,12.209826799537652,10.230097731254517,12.17783045975584,9.945873580431348,10.551854944146008,9.817495584686483,9.837132983653607,9.860314393735216,10.29697114129478,10.022516923138259,11.193552343116863,12.92545377694295,10.064994503204277,12.157881151473855,13.650630659052615,11.822684101718,12.348939241058606,12.853927187401464,12.21837269041561,9.23248865445538,11.252763556747574,9.481507821984684
11.519468981227226,12.797402526286236,11.253652411145861,11.037763551230071,14.664175215049307,11.302447654273669,8.850584340573285,12.15627838391951,11.651831605850571,12.413324090044808,10.365723853312339,10.91171002441794,11.949920893513834,12.407517157020097,11.817354421541737,10.830970601136427,10.448990300577897,11.029315242916029,9.983014398630727,10.344305035642616,9.996693572839987,12.215361195867816,10.239551039813907,10.338382102046964,11.67302709392467,14.139441536257586,11.41711736429606,12.812869678072875,11.898123071999713,10.074825486449733,10.36642038417152,9.671244772655287,11.202727858228293
9.003271663499572,8.903136101209103,11.328989929422294,13.492027267342962,12.408435767690042,12.191900552744515,10.631172080911377,12.849017414957304,10.321871289649648,10.004302982562962,10.905792513739536,10.99918654425313,10.026570605701815,11.035544267646697,11.018133396167125,10.204830478135484,10.021446869446581,9.563326034380305,8.443092190238945,10.748872804477067,10.77626433336337,12.382725817174558,10.23356537811531,11.743230866756443,10.996629005381255,12.122544961173263,12.005692002848019,13.693378111812747,11.355971604917507,12.460895020352458,10.762789478773394,11.740517704099215,11.21494739260951
9.694291158522681,9.95731433783027,12.649837564421038,13.790876558137482,13.30331850382737,11.206356397060318,10.548728956865167,11.981857452796637,10.444845588806539,11.9112556637675,10.71842703947224,11.161748911323818,9.836848819446567,11.68257164009385,12.276057438058904,10.905714847001258,8.816463603095958,10.45399638328191,11.742551097805233,11.301280205989746,9.906164124614115,11.153937117810312,10.650285181899998,11.461223992697139,12.063896424019282,11.815837111625665,11.78344359814445,13.452529221422378,12.393910229529721,10.783341743687492,8.282190883699935,10.83083029618828,10.608030063649645
9.978262663253801,11.085177481802006,9.816415833663479,13.17447130555252,12.833513366496915,11.159192684922296,9.743060595288107,10.609164007187218,10.033921234416674,9.378528535105582,11.243997368856652,10.892345358860451,11.314555468100478,12.657991054705189,11.98701564896134,12.241629103346913,9.84094324169998,10.241099954100594,10.392879516044355,11.754044000243125,8.88746908490622,10.666004352755687,9.652794785794928,11.130180816246604,11.650162983603348,11.30573543592557,12.70353809556504,11.095849607050107,13.111666401260269,10.353618158190377,10.951280285469332,10.962848509228287,12.421129486432307
8.73177462321525,9.505862040955371,10.988178702900282,10.710494103196517,13.018024469425097,10.609942881589735,8.395486267787321,11.233756137995679,11.585190383475114,12.516872734477484,11.783738968811052,9.816818391390791,10.630479088984192,12.207397845711734,12.376295168679654,11.199034900364529,10.135114982920337,10.282138682839054,10.716668830552228,10.23957291740156,9.75440308534644,10.91214361687452,10.912885577724483,10.984116619491873,11.9848346429313,10.915452577926477,9.978359097602821,12.513657565981246,12.900169394718105,10.021592352235421,9.254121915781655,10.331163665053477,10.601297042154371
9.307262598218541,13.48291214901828,10.67775209766209,11.368316284471657,13.272583955551463,11.346533246167573,11.434220927042864,9.318609472091783,8.806391942987348,11.938020211920232,9.229215767456324,11.91048871095571,11.361871294252305,10.92107536713623,11.870933394624082,11.618620518639181,10.281296131225208,10.332834471589146,9.217112519938823,10.96541349067498,10.310357451863261,11.45293927663937,10.140030678435012,11.625819563772595,11.525488970528198,11.5843641422653,12.548099245653788,13.85170497486126,13.474094934472317,9.625584608546024,10.551424076635893,9.981158337996302,11.74561001865014
9.373891348421237,10.388831395585079,11.883746163384846,12.754375158469404,11.513039946991178,11.16721160758641,11.276446852376257,11.191670460833931,7.217088290202772,13.464694770371045,10.682178387169959,8.945678794659699,9.605332440597628,11.746241626056266,12.14779654737916,10.971836772379786,9.140380840211566,10.031042191641312,8.889736729994452,11.669304653930618,10.80889248914929,11.13102979395943,11.004756004334938,10.995074673082954,11.739483160011394,12.7398087888767,9.632447340280914,11.95985327457104,13.793325612102548,10.732000836721832,10.305218540061922,11.51320841510453,12.551077573193737
11.417107907606058,11.82215215151777,12.45649041984335,11.443658456696836,11.629978773883616,11.136717608443114,11.497051476360939,11.737108800578529,10.708310519969956,11.52427527924772,10.395114538588235,10.468655470057046,11.229330932385285,12.276556375159576,11.484652814414616,12.93189369238999,9.765016289799961,10.445917315331853,9.20937400404484,11.018383709166269,9.907684736942505,12.78869296767527,11.496857071932478,9.808304430213653,10.471578410387094,11.921444159235415,9.436122962782598,10.602911368212267,11.599386287547011,10.751294856723801,9.519109067625255,12.132290210650293,10.061074330482985
11.19567869760986,10.46457570591376,11.272176051011748,11.79661238905585,12.6216244464243,12.335927914097601,10.471322240224357,10.233075112362162,10.64804484093353,11.487926621000227,11.593017084563229,10.904650527119367,12.53053547493024,11.93349873438371,12.165110610357193,9.833838793595156,10.596003293783685,10.471231193180635,9.197766607485093,11.416529005195736,9.960471763133771,11.820504130940913,10.164814793072114,10.899578131473996,13.19617466676279,12.72830614453642,12.038180337102915,12.474134279437017,12.055389157279501,11.197762878879157,10.383347434525543,11.021438156687607,10.565891195755876
10.285809041140176,10.483600803012491,11.602871357092205,11.650922581127478,12.28614138578576,12.196913277427845,11.875326566110884,12.135785842075986,9.716852809854064,11.843966043687857,10.229374040668166,9.412604537649367,10.720414548308655,11.434164013743699,11.455727476661636,11.147020606816572,10.898163058613466,10.957316633555221,10.293407024896922,10.660965409881648,9.329949758046771,11.342631485459522,11.347028843154657,12.365139304681142,10.533287193441755,13.059114843069233,11.458875590650377,11.891299916735463,11.481331018285022,11.671614833789471,10.778233746749681,11.626076122219642,10.914919925302053
9.93062299198416,10.89872408656057,11.175554334258416,11.55348867518758,9.862252402626549,11.6411415485281,11.465548307846197,11.541560640138178,9.748003494657928,12.520852587384907,10.573053960645053,10.787697744160397,9.673566624437074,12.411120509358263,11.667395451060683,11.626224348235644,9.280947429329505,11.70755109724645,9.897866893466947,10.138344467710063,9.007578257653826,11.683053130343616,9.399022097519046,11.100700347731353,12.541940929129035,13.103918165110574,12.268426607464175,12.504601443395831,11.280448349349204,12.355133468279062,10.592811070332221,12.362741771433596,10.264927797466989
9.096168371461689,9.690675801782103,11.232560224954973,13.542191786552255,11.601002300059427,10.930475114067908,10.323606936425145,11.147241055940004,11.95479649419513,13.458158757835548,10.095946918850597,10.384211861486177,8.408844902597444,12.200991987170333,14.492674365903124,11.16286435413573,10.058774112374921,10.178733539099502,10.680754951606472,10.737317533317697,10.054701009761844,12.55972011229382,10.736825899662225,8.829117187736905,11.789175843983335,13.379015257429941,11.453878984911045,11.0578477442304,10.869181199259346,10.95984821365827,8.944016710121808,12.090383446620024,10.02937722619399
9.029541581862793,9.352979015148641,11.013641017567204,11.678744296060302,12.198174188896433,11.855977026504057,10.003955738982738,9.441309271281769,10.443209062059998,11.33759192969956,9.834983077154057,11.580828614177825,9.471380402824623,12.036775103140029,12.814183929238487,9.918801781291947,9.899181735642367,9.600895817052193,8.71494039870065,10.679463999227423,10.36126836119905,10.560435661551542,11.457506727105814,11.043538454212623,11.484580853287644,12.322792750291965,12.178543241101572,15.946807216517024,10.591410689517597,12.581359853628456,10.440445437565995,11.056410246500771,10.588934152239116
11.233787376436803,12.335626264787354,11.496937648779161,12.289521166269175,11.34833376707776,12.067900950134671,10.33596616465798,11.401221487463683,8.903049947064257,12.97563383932076,10.20428906925446,11.895894747016952,9.56388387749692,12.8270310614291,11.324619592538289,10.566789736970843,8.881855891828426,10.553827093902957,10.904838180392098,11.764883558224739,9.782512861064346,12.53495957620277,9.613329965600132,11.101467305164437,11.210891039502611,12.965061924834762,11.30242742319438,11.470509026824924,11.918947202481375,11.106183755493053,10.421781613316579,10.018565094446316,11.13322713754203
10.985440831576808,10.478532272517196,11.018286900963997,11.651760808414357,12.554412820905066,11.102707654667872,11.202323898261188,11.358487437858658,11.464155941879223,10.558114845207953,10.846317306135866,10.72787245396558,10.20544160565466,12.1182064703461,12.623095737616776,13.152315004950221,9.04353096241826,10.428354692909306,10.2905333520147,10.77801582060937,9.970309958605677,13.726398542224713,9.476630761599955,11.484252191516948,10.768760739139552,12.253559431009863,10.587714056231775,10.70342992917252,11.636083682409941,10.979587079885457,10.593022992460961,11.376847319901184,11.548133352036364
10.344392769197569,11.18256573328214,12.2482996197812,11.465699840139944,12.351067847084707,11.232676965669851,10.229536616786373,11.229657623191528,12.634490857546838,11.611759975684219,9.922857901858583,9.678417803896272,11.195257984192624,12.292869342199033,12.331051460387972,11.334171952419107,10.11110267397374,10.09365553692977,11.00495629449814,11.955851847981034,9.787378729483878,11.307781842928309,10.009244297797917,11.867563034039284,11.355781469819696,12.612342521898956,10.92823350819113,12.279364692596205,10.669309102218108,12.471173664304501,10.934502080676166,10.994706359704244,9.59355040874845
10.651564197831798,9.84446799612855,10.615026120656356,11.417454731865208,12.845828836946081,11.576486520280381,11.03543695109303,11.146809196509508,11.410301558116126,10.09077008122235,10.594793602726362,10.267648822521455,9.827212544675582,11.905894820565331,12.864479847638961,11.831525093455081,10.293758279496958,10.46414112140378,8.437467766313823,9.314557935686935,9.874385318767278,11.826385669592234,10.173466112327546,10.876742167345373,12.446199926480695,12.828836079711877,12.850672309047875,14.281607176392805,10.834213165206073,12.606484427111633,10.611016567445152,11.95172956288096,12.150600268781375
9.889896687927642,10.911824313779755,11.058624339108134,11.912267741915908,12.246224198104537,11.777803140977309,10.739184309609808,11.508174774622194,10.365304898938609,13.305738680937404,11.06802910286675,8.379885657814107,10.785713223641167,10.5830789374528,11.774865922015001,10.589046836377225,9.787765702517365,10.401611774746376,10.977982534740933,12.04265636661559,10.279956612290775,10.87272788469276,11.07225352988921,9.930367769650285,12.14860004686342,14.384742906076568,12.01843692778494,11.270876156105897,12.202763814059386,10.28366458533988,11.00526397984192,12.198288603990932,10.215157398677356
8.816475946651225,9.945047341953977,11.596093552024408,12.43207466992052,12.292279992365756,11.001585205107181,10.412984907672378,12.661116616883616,10.442838047357789,13.529721008890332,12.48320292563034,12.226028879614901,9.144111516509346,11.669178801888046,9.860559322102372,13.378809409594744,9.680017544879826,9.765075643935205,9.697773045591054,10.960041453325347,10.143200864779612,10.915905609801785,10.363111344610756,9.868315477219967,12.085055195766753,12.969557390483127,11.335753458277866,12.47901632978816,11.846567709836373,12.012079717178066,10.319637649197148,10.56595171836576,11.527101254976623
9.151129675252955,9.65495668772127,12.609181260236468,11.008531566881937,13.010910372627038,10.12613667409733,10.686425983624927,12.862910609421267,11.124393878481353,11.65151974818997,10.454309791912298,13.104694792204363,10.719948837093355,11.707450232889657,12.39505512765153,10.871506650707689,9.507950662038299,9.873693502720315,9.476825900557097,10.231472661469489,9.25568766171006,12.971478884982211,10.657428400173421,10.442986647507329,12.564387308586625,13.999659400936098,10.827552936051726,11.553140747978876,10.627289203416353,10.54020325134882,9.130121994000799,11.375088184619043,12.796132783324932
10.6215026647224,13.076574294397897,11.13806959924873,11.08812033465874,12.385012658471663,11.580840481635692,10.11500903616041,11.737847808526011,10.450267023311993,10.765750378379124,11.121820367954609,10.793772468292422,9.834372382331434,11.441144541860698,11.866491705263465,10.473888810878636,10.176107338069187,11.769840077182133,10.033546634758745,11.565339129621623,10.266844634006912,11.637383471314651,11.172689875918664,11.02386649337988,12.03282379822666,12.371895469197963,11.75498869088464,10.39757746487583,10.602236354577068,12.531437566106527,7.619895796550201,9.470901596036926,10.547560532831765
9.350501215561284,11.23386379743466,9.522422668654947,11.59550088563708,11.813100195524672,11.742319579581087,10.272531670614427,11.231511820998755,10.320968019742605,13.839157504066206,11.658747000104068,10.054943695302375,10.962667607818199,12.135431192625058,12.212977931611265,9.762290731823734,10.908289203387604,11.190527557382726,10.631709750284717,10.151623350616417,10.799210218262631,10.807727123881742,11.035592822113301,10.034984794173452,11.641428082098392,13.39681584944985,12.24132966623032,11.323618082241573,11.586609225025079,9.694567554296874,9.851747614265577,11.133503990395427,10.775930065930101
10.994998967744777,10.018919067837551,10.287912440936436,11.190312035357508,11.607729517872093,10.889947329263677,11.098020411594817,9.304425842896142,8.925019452214677,10.227435044720261,10.610928851084251,10.735086626583822,9.233203832577924,11.767615093823911,11.23091227040753,11.10451860756902,11.047457553554665,10.106597333442776,9.063929736174805,10.376414160779502,8.66504845642781,12.154768040362056,9.144979569288536,10.81481506471215,12.323331866029191,13.1351184795646,9.320486463724494,10.062038213645618,12.444489431438942,11.601597344700874,9.476983768902661,11.49146469863933,10.951327058238398
9.668289418723914,11.218958982865503,11.521980736859412,12.408183695299739,10.989425316294716,11.684174360213623,10.932210302445757,12.036458939980717,10.180225662499415,11.427588427997131,10.79395027232499,11.533892894617832,10.815938986101786,11.525430464913278,12.767739304340985,10.461405659349252,10.446027815779814,10.484161556778721,9.548955326200991,10.714319316750416,10.397398082540967,12.35026962605649,12.039499770378132,10.927617777576655,11.872489503462337,11.931473342948816,12.44269165714996,12.289943174116644,11.141556748535287,11.945994599602836,8.270525266649129,11.202952330721164,11.425023434621073
9.146550474024508,10.702699991100458,10.918668885394851,11.872772099368706,12.302366535126332,10.680652127447267,10.578479897003918,12.930453848253146,9.851810133131792,11.885727410670698,11.251650439454174,11.162546026654027,10.612249242292934,11.730854845333004,12.010930546588877,12.12479315471914,9.084317557198867,10.05839557091748,9.581048310893598,11.903527887363015,10.080848314979267,11.183731619925974,10.556451943841079,10.201973048877353,10.886406149876658,11.736552246708543,9.787452586290968,13.633804208935139,10.025885134727268,11.348155621221952,8.403477760755464,12.860768663345032,11.299945870658487
9.473482014775897,9.537273933406158,10.726060812854616,11.23234800688556,11.469129809776616,11.20594300104523,10.529372856909923,11.760855520505599,9.282654116491022,11.865008596747742,11.364973275325777,10.186538465863288,8.091251733688878,11.861580708827503,12.356012203738613,12.381736590169012,11.618033696386208,11.015402735840953,10.755581296956766,11.551637330350918,10.754968947323922,11.551224946700886,9.275329329756858,11.25974754407892,12.13896176458545,11.788818652573415,11.605118466042061,13.575662724200097,12.063222998320867,11.690109636611204,11.021830637592517,10.673645882754306,11.387889908156223
10.653635829830025,11.179772716273272,10.054749497956536,12.805697612779888,13.271173890853735,11.678226764865272,11.770202089273152,10.985746548559398,11.14544246770864,12.419123848836525,11.461483546019403,9.657331172375736,10.10984773506908,11.317219191717387,12.466965181699958,13.476007511058375,9.716296650625154,11.66035458298549,9.073892663491984,10.170487821993694,10.058515705936085,13.391022702027884,10.785155807866252,11.164989652533059,11.405212203636985,12.627046393546532,10.418751344692447,12.780525165055572,11.032285286377013,10.112970696087237,10.287703310459724,9.195821417420019,10.85850012719966
9.273900652739675,10.327690391579907,10.45865638614227,12.935371834717593,13.124583968038676,12.688076647527547,10.541171104034797,10.268380985399403,10.39464230925458,10.72325993135293,11.312667315769056,9.805143269660155,12.852665572581614,12.201873809507106,11.057864413236025,11.184496089591232,10.373579459914147,10.906482161439321,9.811594069666873,10.411856380598346,9.462372070791735,12.027901859681032,8.778489022937514,10.422650648336893,12.036844922202942,13.239374452717877,10.237437280650127,12.15889020620446,12.525219697746522,11.770432715057716,10.587587574708822,10.009909552540057,10.721417962941818
10.421492112311126,11.01611946217194,10.101486804920874,12.487900593027979,13.937713733888321,11.280667540235894,11.210138067314048,11.86330727279839,10.624633097430904,12.60401604610775,11.710230428011917,11.868409378006165,10.44205617664729,11.323526075085157,10.48765595618637,11.969569419130588,10.64368818628813,9.235680628897509,9.511055314433847,11.23253783416736,9.49101645242692,9.61022544311297,10.823814781058198,11.072697853328707,11.642790239037048,12.258654265270428,10.233425579342065,11.589712128470243,11.857994844076767,12.045710330763894,9.655508824711259,9.5115076233821,10.783478269108207
9.40338575170395,9.795374544670869,12.18718423697286,11.771524592907898,10.735829985938372,10.350010312157305,10.308549722240885,11.32126654312964,11.447196164346972,12.322354802053155,9.347881652479852,10.767944126669985,11.47115694838776,10.677897331321068,13.266020038087493,10.773007507491048,9.959111054696743,10.550076463068095,9.50595910367368,10.804719660369258,9.97279657411133,10.38484517685027,11.734596936354146,10.43625031433953,11.660687747341312,10.271117739350654,11.467326584173081,12.287639223130592,12.602617922034554,11.473459080589745,8.773505308811492,11.75906806986678,11.000943233476074
10.72049512639888,11.780252630098323,11.196837962368466,11.198214767180971,14.17536272864801,10.015454201460086,10.831337876099411,13.498980809303376,10.994011017000263,12.105950060751299,11.213104017354178,10.542933632965621,10.77073878549563,12.159401064380367,11.978632096729978,13.06426442157683,10.374506581864322,11.448434590006933,8.678965193855667,9.804084143372576,10.055952447296777,11.27271788854564,10.646753439137644,11.020425183264178,11.418085899205503,12.877152780713036,13.112619265666977,14.0978245276224,11.339179971408347,10.83450305265353,8.750699174566982,13.062056515519544,8.420306334982339
9.497595959611882,11.3607215866801,10.81311203092569,12.094654559466656,11.069732047690998,10.813427989067023,9.70058231837724,11.075528154412499,10.227303022272851,11.479689490470081,9.277041121162346,9.947932406352798,11.401086178711653,11.085978737070159,12.856881082686852,12.282187491170156,10.043763381079788,9.87039218284013,9.845326427724768,9.948406777171037,9.14368490195986,12.398450677574031,9.999333938749327,11.593612538130145,13.028086189620815,12.333478471223444,10.228979248902293,11.80421152352924,11.730357883604082,11.28130388603703,10.230605385909179,10.732901038794163,11.432731450203162
9.595925580464863,10.998563452864516,11.876363640923657,14.203530052402629,12.937067796379866,12.117046317527727,8.662008418538525,10.366847206875994,10.956703429254613,12.223707860793978,10.806587318116549,11.834247590659052,10.560719151286094,11.840244322344441,12.497274754024804,10.167822527585267,10.293017698429521,8.617706398655109,9.674094233628432,10.45028101489266,11.039390373713493,12.455299100568977,10.097744879898185,10.296040656702505,12.163892168439517,11.960900271444304,10.519813993384114,14.101183723321228,10.342316145272086,9.522470853840266,9.660743209788563,12.886224440820477,10.871858765979384
9.295341559427232,10.249656847041281,11.239390910927064,12.72941947553025,11.712137003472813,11.124857404481167,9.838045050386496,11.668383009480051,10.982233336700673,10.563104853026683,11.593533284878864,10.075317804636787,10.39236763986052,11.966374341111676,13.167284643782164,10.423774323342816,9.42382422886756,9.934872814575984,9.934815993690721,10.762634227175743,9.452202469554774,11.986847357629967,11.303325736665327,11.574982147150571,11.711614940112351,13.971842501579555,11.090565308193723,12.131206337095929,12.905561104634803,10.842772397878559,9.351720588654336,13.117212245206586,11.190393878566551
9.173545985744276,12.432157641999206,11.818417673026465,11.13676898684983,10.748421130186614,10.821426549675255,10.183383639684427,12.008318571229179,10.889511099371266,11.548600185862762,11.255306794058967,11.536091569492054,10.10455027324652,11.749598919835817,12.787101167042639,12.449944952816008,10.485083509391398,11.732257751907053,10.716901160237502,11.404354986904831,9.204078350527181,11.836025045073558,10.850167377188917,11.038872609791353,11.549308683936152,11.219310513714804,10.501404463488953,13.010164324244471,10.839319870196856,11.176576943461038,11.885539435154316,11.8257572838632,10.563050581482214
12.004944431064771,11.80721088065246,11.081071206444992,10.202856386132819,11.270097022455953,11.437279209837028,9.238170842088875,13.538423287924932,11.899308067118593,10.941740857518448,9.758703816039695,10.614239880242984,10.96062629954657,12.62327420295626,11.804954498286088,11.051303049711686,9.711953551920937,10.446685986021999,9.475960227590804,10.846794699131962,10.23886550058399,11.479550557842234,9.826908865001595,9.41950412734322,12.631298723118787,13.439055342516717,11.389063358008087,12.303299261295791,12.764475118427297,12.259069261593657,7.882972595756481,11.26670383232822,11.381203986516782
10.661619218973698,11.208044971145219,11.165152865098632,11.033556887253447,12.014619304717481,11.598003331673802,10.120235107701852,11.062064945505533,11.534011798844446,11.986434522612706,11.102868990096606,9.884126966294783,10.01789233599812,12.192729698621916,11.663847724471056,11.10834899523615,8.878745143827775,10.841737492829585,9.521090318022532,11.749449844883232,9.767562992210147,13.249886529898312,9.411990185947413,12.109680896000706,12.442058273306083,12.645868794866711,10.554267308459629,12.727624115694894,12.454708389450804,11.297179633502624,12.796400347412977,11.914933299478449,11.053159060181105
9.234383976457524,10.634107496836027,9.25800084906193,11.062346759635389,12.18677503382093,11.728249699825556,10.677461518158523,11.595109170853247,10.895945262390274,11.718143782565976,12.360490539820237,10.640863348345597,9.895709685791644,10.515559304120574,10.644915969726409,12.657634885660965,10.545640011957095,12.3527906261328,10.321240826030152,10.770170268641113,9.849161654195825,11.796714976272288,10.380574820256248,9.954825770527925,12.285744077202233,14.46913831879063,10.19657168231379,10.86454141282154,12.199336929538164,10.888705229181364,10.526291230996446,9.82713071378669,11.006392832051349
11.178940666920667,11.95504681987616,10.774194930751962,11.070842021913816,12.77046788604321,10.927621569022948,10.818775914843098,10.737621497019008,11.780868496266265,11.249282460085501,9.628590864866002,10.826563809386375,10.370402197919592,11.529227476738123,10.918962303403383,11.674313376181066,9.773836388009245,11.16146708965493,9.892906313683733,10.595725869239914,9.198951244135333,11.750254855542611,10.630637653148996,10.008374370055908,12.529873989175485,10.775964000320139,10.601821891471817,12.884109701232255,13.296487190783104,11.481494171705187,10.939103186306031,11.06478378343943,11.595511219939896
10.442300823057256,10.45331307911028,10.310293644461002,12.142341499095116,11.178677806404963,11.54106848958495,10.914298643308264,11.282338906719481,12.116045610598505,12.459976048224748,10.105190863457619,10.012079957994898,11.863962077478968,12.130858672457894,12.300199342948194,11.054984434193365,11.123125561516217,10.612879408059639,10.119233211212496,10.634033267237808,9.68844614060601,11.569548958259116,10.879815920094282,10.980369548719143,12.207795706622786,12.829721965132498,9.456121347689503,9.58605139878629,11.684795113696406,11.260140024743283,10.100529667880886,12.045730105176197,10.403600238308268
9.73861273010837,10.612368269599736,11.159030916270924,9.879352248518755,13.08676693137375,11.307008873850505,10.032676066708241,13.083437592887178,10.37270354066309,10.779074974899542,10.409061345211178,10.8318000384532,9.751167941012248,12.600028121245833,12.411745116540882,10.817342341389551,8.084492339258349,10.886598958909007,8.815203271740216,11.012520554170305,9.357359660550756,13.048793994185917,10.25380380655307,10.249483480798618,12.167232330864458,11.139981709108921,10.71241508754858,11.217416573581561,11.015603207750074,10.958206692550881,10.352092658511296,11.468514849135058,8.627813118711284
10.958235069974588,10.264300408733137,11.081709923672111,13.252932334296274,10.35607834586575,9.938852502843645,10.419301334856083,12.761868424915473,8.705603332272776,11.590782917925736,10.970992661977132,10.097124571041187,10.156959091672961,12.250334680646786,11.731727711217628,11.130052459657874,10.731723991979214,11.794456338927752,10.473791500862783,11.612862248655558,10.732019477776307,11.160764544585616,9.682344327714773,10.077991873492886,11.907327975846986,12.80204204510995,10.173498858653055,11.527068149281082,10.377733412018763,10.679478489145083,10.35838788344763,11.162946010727426,11.664343474757883
10.008153544560203,12.328326828266011,11.21117196391571,12.424479782483512,11.399056995649572,10.783864197379469,10.61818649846401,12.21308648359883,11.681241866586289,11.933675159852706,11.417983770811801,10.687059831941854,10.639174394272079,11.259290981501877,12.782302749593516,10.860585955008037,8.931779002635155,9.721974459778249,8.936086110159625,11.520916969649598,10.420137749161086,12.2265871748953,11.679075019783008,10.125783916877586,11.87857996276859,13.739032849566382,10.882931136827645,11.219748546934591,11.607688658972325,10.871979218742627,10.622694877140106,11.14748488607716,11.158793197785528
10.51269091161105,11.217015206554233,10.956764994037616,14.47679181449837,11.694506156535102,11.467256433860712,9.114071787501423,13.10176021303414,9.887022665272559,12.986842069997078,9.62398239667897,10.352390223790731,11.266686909783513,12.398832287847801,12.338568325863465,11.585615138304348,10.899393941750956,11.389068361917818,10.128276867916629,9.369271123048879,10.646103792311187,10.735630168219668,11.468706851527704,10.122847078321218,12.54536974037238,12.670348885231286,10.626405143031697,13.545926359870053,11.789047903660556,10.766678610777353,10.938434504555715,11.810072828701486,11.69059155300562
9.513116173690449,11.724355300770238,11.382848019497576,13.805834880369888,12.88694624203793,11.598409141487355,11.205702145190799,12.06258753516074,10.568127832285803,11.638779339030515,10.347043475100211,10.349707463595566,11.574255526632042,12.983923918592005,12.269770257805966,11.32682127833709,9.785570687468063,10.695079895511435,10.490927004385867,10.184193946792101,10.337788645941393,11.50559019927138,10.783340328679397,10.579166649706744,12.433590438497564,12.047483869759782,9.323086714414949,13.04080538313508,11.837753206714009,11.378518629254982,8.984876331635384,8.790621275308812,11.177753642806698
10.223293165058436,11.249887971180799,9.963038721366043,12.67496200206554,10.85750224179002,11.098962538946239,10.598682967952172,12.29493291187183,11.661540828183002,11.62576382175308,12.970854652511285,10.98266979602836,12.37577383870933,12.090551187388982,11.38762045549142,11.873976655053593,9.778767905918498,8.050120903999664,9.759568112896774,12.174663482682838,10.60418859210984,10.041438861231223,10.188651419701413,11.140893150294472,11.115828214486196,12.161527893831117,10.630810232709136,11.359558829758505,11.607880377900521,12.271886512879565,9.443871296706686,11.843698743072606,11.246467180853152
9.922709229051549,11.181633472387063,10.274247653763858,12.409643790904848,12.49033288263055,10.27012683508207,11.49119382107528,10.757218658196367,12.211597582435123,11.952501627385537,9.882590845297983,10.94090974032142,9.091155629478592,11.586272111318026,11.800601886527161,11.70104770596036,9.677138569937323,10.767486727406407,7.8590810271325875,10.447207895537636,9.235359678400025,11.390070893491375,9.978509899045799,10.183860177777902,11.392600147123826,12.446386378134864,10.482180827475178,13.369407792666472,12.664891717676063,11.903222986141905,10.624312535739886,11.57957547514322,10.505736983765326
9.142125778344212,11.890218471104792,11.881560077858046,11.375164571507508,12.56325529997367,11.799494783219231,10.502828344450755,11.46311615400586,10.738791941504243,11.379802857508002,11.7396692969924,11.968679001329361,11.124027105403407,12.096979134930505,11.335037311031584,11.933934580952501,10.022521533670318,9.361779133760407,10.014573725461748,11.660493065521747,10.463066860637214,10.49539323730875,10.859772522758915,10.74618533752365,11.814328403246595,11.45179254616425,10.340757286325932,12.80506235566601,11.289929304829922,10.659545852813517,8.31610631096073,11.923706986672565,10.096087097694015
9.751090793676223,9.994514938031386,10.129365798283667,12.82287802543003,12.051981963639216,11.69228282819034,9.824973509111917,10.4134683707779,10.233927781708184,12.736920300373589,10.722690498210174,9.672991901824743,11.124997988248664,11.67364852489418,12.550411714323497,11.955043361976756,11.565287940744561,9.59192762262645,8.856438652470517,10.389761183243364,8.91611591925997,9.75257042074848,10.555143741169246,11.232640533277038,11.546920819016885,11.59225989375407,12.89929733051084,12.475223999648051,10.76100921715229,10.567727293945167,8.477517897251722,10.589012732761,10.665928970776399
9.369104314788917,10.806343780202312,11.178033158683615,10.763269716786187,11.999512054638162,10.888658175928365,10.048237972264813,10.87063725056523,11.232973569513527,11.82878525300675,11.406410262160954,9.81704463987285,11.03470445879577,11.217081551854882,10.651225964396053,11.314130633569805,9.430417677612308,10.23688414865515,9.346400959606148,10.930381701026894,11.056294028466201,10.35036358936549,10.951441048042556,10.656001733908692,12.676945538466004,12.941937838061701,12.065572235625687,13.020317110123733,12.2973854421442,10.936956818729879,7.753678953897943,10.264457353876715,11.08388239285367
9.484018197792903,11.590770809687251,12.6982183742627,12.043763457381178,13.20678805850089,11.884515518574059,10.971487436475165,12.757454637748722,11.607447895205503,12.707897436948663,9.882986039268786,10.495593531905,11.090932637230997,11.986849463042724,11.43444870842965,11.245311836820237,10.290868793894184,10.439103381828717,9.172668476043409,11.065933523615865,9.74671306672601,13.563440719382353,9.738503291663696,12.30191978621869,12.554548833073905,13.285467367137219,10.421726583086711,12.068676281330495,11.582813969884626,11.09946810851329,9.697867077032711,14.20883604696761,8.99717802189989
9.387442752547704,9.971273999886748,9.964757776550387,11.787683700102832,10.051484157846541,10.81899491151096,11.209085835919621,10.950491424514986,10.110737044522972,12.05424759472526,11.752401993641367,10.107919325294725,10.117552510585739,12.402372716622269,11.639085712355518,11.904461883161627,9.365341000502596,11.08367499251366,10.550296598989528,10.088882449179746,8.37473300695095,11.443756955353154,10.433206543714913,9.968941313530571,12.037779972468975,11.679345933154732,12.503349936977983,13.148289155802035,11.055574985656229,9.957308882976305,10.61169493692175,10.919836358786537,11.030471132489172
10.30397376722613,9.991678294348665,10.489336800712191,14.251697836834072,10.580409202696424,11.52765208731437,10.908143540763351,11.106507680670202,11.96010812138948,11.075448121520344,11.551238476023885,11.155765306537523,10.414607854345439,12.324655834783357,12.388922712788764,11.013574551175726,10.159579716055669,10.891953464504798,10.338094090069083,10.954242453059498,9.620839628274604,12.455959781878708,9.662907388665149,10.576904511129193,11.346089044047638,12.681657930792706,10.821358781283127,12.50617880127143,12.827714714832151,10.855532722088455,9.973037696759517,10.319627560226285,11.005998496004581
8.949749117376731,10.922500605045586,10.472442659055236,12.390191855314733,12.936683792334172,10.558828548302046,10.472436500067449,10.06095427786472,10.152705594501581,12.09251209945713,10.039948380736966,10.580717034239097,10.201606526190988,12.253389195635368,11.099620973275929,11.308699482338366,8.905078053816851,8.949631372435462,9.915548587323583,11.709985667978554,10.144108721298176,10.589292889399688,11.202190909572373,11.802241097114976,11.927105783299451,11.923502938790104,10.059657973090655,11.002271560113101,12.96958242751014,12.03807032023811,10.48701034212219,10.932243404493793,9.667999504187534
10.904344975500628,11.422221762158701,9.369429588035306,11.06560761765886,12.258668519486292,11.753750975570624,10.93219614146135,11.741689972415148,11.35718261462163,13.886666031275638,11.617645385392787,10.643675067270424,8.947496962757924,11.989648742643704,12.108144910025823,12.567772595731135,10.400734318780746,10.746507941230641,9.565475820556678,9.97846586163887,9.760187211425176,12.518825223041784,9.993516249059832,10.646578764359585,12.484595561280617,13.985653486225305,11.667222710194562,11.109573342777198,11.819131691271666,10.37609098295322,11.430483558314828,13.33077671778748,11.352136407715445
10.981010895888701,11.01025290958209,10.860086976274289,11.81962752111909,12.270082606268716,9.709897386487917,9.793898651646819,12.261143250405139,10.256157668009525,11.057057697818978,11.663734681335422,11.205272985889005,11.156937685722168,12.401387624133031,12.792233632631604,10.344920320163393,9.418742144456841,9.767430216625584,9.798236925226082,11.218934019660512,9.626985125155457,11.665079194846587,11.332788933833301,11.74403994471689,10.620817513932199,11.183332872081982,10.663882000170153,12.764994574102179,11.612644953418144,12.027579808341702,10.110966965896104,10.384693012346334,10.421145627600783
8.593996437091864,9.96077654097149,12.106438572335307,12.489533839933008,12.716851719237095,11.97924967003587,12.198832256256226,10.745845354641135,11.058326666880934,12.074790755821615,9.86001641261409,10.402708691951696,11.391862636344486,11.539679862890608,12.426030557780718,12.612048597537783,9.542921248061045,10.432086777915856,9.63883667726475,10.085799888870563,9.39934789057333,10.138184865555328,11.928546606426625,11.707971158574077,10.801178283747966,12.65287880989655,10.553303220926118,14.248500923082942,12.179623711371693,10.618215304607931,10.031777921653442,7.907770564435557,10.233923284433907
11.164998248290122,11.64476984554337,11.369256283370515,12.705475318169192,13.085699229288437,10.846253161158389,10.428066206544939,11.848943858469283,10.535375397108508,11.913559406282921,12.014545964398883,10.944700150249002,11.462082259776187,11.28775486007364,11.690204329253627,12.725384540844292,10.739218711290535,11.140344820070254,9.639221102377268,10.365649633559372,9.584842268972759,10.960636281974415,8.715987237545486,11.491621950480967,11.271664565237021,11.776261831912146,10.08170031975992,13.8244633960278,11.402010205912323,11.515995058528251,9.542196319750664,12.385988738091605,10.36561019568965
9.052397789032542,10.110476471924205,11.738156861270394,10.314076956636569,13.276983651634449,12.265914288722849,11.565256907334753,11.28621554736158,11.550107092388654,12.184033569671652,11.478396451644647,9.237897496302821,12.765075543795135,12.802872759905455,11.892306772494493,12.323938317289006,9.927618005026968,11.049080803776985,10.417674750662258,10.848568675202346,9.62865680740694,10.440200503413163,10.394921426453296,11.675149525917195,11.604263551380761,12.745966965884229,11.73169097837311,10.86011847087948,11.863370435046221,11.73654232338707,8.650703102037927,9.542687549735028,10.334350327145511
10.072243158929538,12.281597830692398,10.255563405793225,11.464216053237092,10.8150889209054,10.664603210980909,10.347558303443325,9.56772445321776,11.27967527431886,12.278264162852087,11.59931059668689,11.018822286462655,10.127318232164546,12.167154205424438,13.312711294606268,12.154434494937304,10.434601744903052,9.971192513277613,10.979859195347988,10.619583982150239,9.72269158797306,13.413410905511727,10.879804568108206,10.608990314655276,11.693632460374962,12.945009977604245,12.158929367156137,14.46260635279418,12.001808955704428,12.803774312472301,9.69505170784574,13.587479725275735,9.206025421742874
9.695275238175872,11.707953002010498,11.440537939728614,11.983166280695613,12.906470102798032,11.48698973175978,9.31796009814637,10.754549809663285,10.482567583694419,12.635177733961301,11.894725569053588,9.874906749171078,10.376163882010168,12.823047384443251,12.551547917778896,10.429101460963608,10.65472967711242,9.72077389994349,8.344878791906387,11.239769042130387,9.450290747850467,10.453776783539787,10.92522379123013,11.07729270074929,11.542333242690065,11.353424858032792,10.477045142864075,11.184477127317493,11.901819114449093,10.389013279230966,8.958972089238195,11.269534811511795,10.31864241928428
8.970459496338133,11.985398384188548,9.966583654481878,12.088770068440581,11.642750188806774,9.28368535573697,10.122075839563179,10.81286659175317,12.345318940201134,13.67425343171146,10.888436934336555,11.698397348056337,11.155918217987367,12.209416098097073,13.877374473286846,10.072495318369448,10.265238608289062,9.970278558517526,10.821748180296298,12.000448964551614,10.470776352331715,11.902194522289987,8.802642317267711,9.991327355513846,11.645500129582034,11.50929837158188,11.255624887159199,12.788035794823033,11.58500625806014,10.636414470202203,7.867405259394367,10.903720410902789,10.441017790068805
10.87990661986723,12.598623948960707,11.856331210745319,13.078657549828506,14.164972402813481,10.027072232495506,10.60703129697536,12.014763185944709,10.878444068889507,11.441755519709956,11.485212748973948,11.268459936346025,10.985448593242783,12.846774618443627,14.686415891079546,12.664502097230068,9.19745133358508,8.638212537845604,9.780982844923907,9.936622400527593,11.309388691014854,12.316573415531558,9.881637628498774,11.319109598189378,11.295609044800257,13.617909204266185,10.019305354013081,11.902296923006611,12.379424779393416,10.758509156825074,9.504640088949754,12.569277720647234,11.106986665933587
10.498117035589457,10.687350262564896,11.71990872735257,12.197161541893113,13.425975948413319,11.103738749192246,12.26707564827209,12.149820103441574,10.356501614369174,12.656804519062835,9.977202264487262,12.162502210347853,9.411311937073345,11.324243077968623,11.651885385771594,11.45150328454282,11.47489649943051,10.574372343900185,10.617182712656321,11.330710105388796,9.325105760796756,11.60370450632457,11.19272540424252,11.110165685054838,11.22657997074744,12.87460379622457,8.762998263120156,11.364285765347628,11.80500496970391,10.409774417204485,9.495397814018885,10.153715366534168,10.489253539313555
9.915561788336541,10.47683904925631,10.603192150679554,11.145514628657969,11.406496646806264,10.82724202138672,9.79256712640217,12.57973213873473,10.908944233275232,11.451921666812268,11.371229631534867,10.490845616941247,9.808914840679885,11.238317437567371,13.330143973677517,11.704486138826757,9.82382444433156,10.419860391795696,10.896495564688255,10.19246121324635,9.533814961975892,10.587519990962422,12.71100023329139,11.80726232845161,11.005367972643725,12.66162634195056,9.893719904801557,10.629884040422866,10.989356526281279,12.252299697771008,11.321625273788097,11.986514433944219,10.123442304813679
10.392691146769724,10.682400410072432,11.488460285709486,13.113019799660242,11.03013115098613,10.716423648870922,10.310916515248206,10.962622599083744,11.34474775851418,12.130548923239694,11.637517332852642,9.590906125439211,10.314927922794945,12.036345038785816,11.786348929952542,11.199604633078158,10.403733147615116,10.151536533140758,10.686882986040922,11.232887521329785,11.038970447307584,11.153868697915959,10.297301853841088,9.479538933440818,12.90065140872526,14.409883365136249,11.662933627173263,10.304278049425825,10.564640005762492,12.532514442164747,9.593525732891614,9.663771028446698,10.80815726481479
10.202913912308627,9.491684821548402,13.279331002781646,12.373013526720129,12.399298609588692,12.43576326322179,9.553794696277292,10.42419222020484,10.326343358481475,12.058340922844932,12.326635652030333,10.384465087008726,9.82390793318226,12.605396019305719,11.377199940961646,12.832426238307347,9.771249059391023,10.177974658469363,8.651921976318459,10.617441907918357,10.968232905889186,10.27748333060108,11.942304383658438,10.346545066593235,11.102153112603276,12.805438477338424,12.373000621329119,12.494266340900422,11.713018024793795,11.416721933276731,10.340793442784358,11.312156586558313,11.459218949138895
10.258545671276037,9.56396851028212,11.14332822559918,11.250849274352248,12.939929585111406,10.642448748112376,10.901518501815016,11.361091946276249,10.35394603673809,12.513242090587564,10.054715511615424,11.32932585419058,9.700701470356123,12.229273918099786,11.783086217992572,10.458140877029994,11.994669995398045,11.570918140597515,10.010676428744588,11.100499306063126,10.373394035670486,10.930765655877492,9.619443459295788,9.855872196643906,10.406864292925857,12.847012872266294,12.404873538554746,12.54243493407023,11.986082433838853,10.762915437336703,10.401851350861374,9.446998745200744,10.745338024064475
11.494567284266452,10.011863009182589,11.018317438734949,13.31027875250577,13.375823990843696,12.667895188920992,10.335047164473336,10.147337028145168,11.30952911867558,11.31659615160692,11.30637512781141,10.37656294100049,9.745180812243035,12.177168559350584,12.401617711258769,11.269401696010242,9.483176832535408,11.215782304334473,9.554232770056627,10.308469098811312,11.188814842143845,11.812730788373612,8.995528039452559,11.65222748162714,11.61473602441713,13.377698186239524,9.79903119596943,13.968270377845972,12.618975903449297,10.368398239642127,10.89087179759852,12.148257780349345,11.20509707828531
10.796342081592996,10.518842965391833,11.966263153652692,11.54677192017764,11.063631941026209,11.950221517861895,9.897222565388144,11.538133721151754,9.809497989619006,13.150117479989767,10.60549391496769,10.768973673585444,11.175700825029812,14.295408569247483,10.629715050276431,10.316237867117911,9.122105074515565,9.66314904739134,9.972328263727123,9.5688482593728,10.54436523357141,11.262149917991591,9.255565872129333,10.903335722460858,11.615133758256873,12.05048557453458,12.416361339211477,12.672061669744553,10.288863946880877,12.7634088043537,10.21760828931174,12.184531940629585,10.092358002262566
9.519230116098157,10.930742665248427,11.828086634775373,10.512987829186399,11.30534082952704,11.764984917557127,10.230209629298452,11.435840778938921,9.948443286822133,12.126155586197243,10.672648267796934,10.197621477474241,8.727943433127779,10.559700459140625,11.56594331964201,9.823198989533962,10.42980434550107,10.376590503144172,9.615962513160614,11.869607879691138,9.321162849793085,11.208087832127438,9.488800083395192,10.075053838232325,11.564724236343626,11.523751733876763,11.409515151734148,11.31550059817325,10.196208988737784,11.23143638232853,9.345123920200196,11.188314974665262,11.617443665552015
9.834606383243703,11.400525864614938,11.918620152263227,12.533187595947155,12.232350884306525,10.073171140346657,11.591405878309638,10.492947268657549,11.340118033472624,12.742583053202576,12.69607910238377,11.014739210062674,11.310667052166853,12.254127855825029,12.942751963228641,12.184427005111505,10.913221922922173,9.869712835878786,10.184336473198389,11.440778827743536,9.525273129288392,12.58068890745956,10.53047478844288,11.746694585306624,12.615634270905518,13.249110794855483,10.865556707192338,11.301026530478133,11.872112109022051,10.967978027676489,10.552257528905384,11.879385132108494,11.04682604308678
10.273074496026755,11.886933371603233,12.119211059520655,11.439386453498736,10.59036173587616,13.095669000917173,11.26934200741083,9.713303384251905,10.399768726645243,12.730427066807499,11.28266086618303,12.123853852449823,12.070487694792325,12.572207301270701,11.355854605561118,11.17657779098817,10.045510847870565,11.34909953837466,10.596894180356253,10.580104617463657,9.25765326772567,10.165871444251344,9.584045860296492,10.809378457663302,11.763983812427282,13.101032972462795,11.554379761696328,13.528364419246708,11.88905060944142,12.057341760101183,10.965620310294284,9.89236035205415,11.05905132586342
10.09819496081206,10.263961256808367,9.940800154054791,11.433174097693668,12.73394392445795,11.20259808804244,10.771347096771821,12.081298653866485,9.783982643445292,11.96192622761345,10.328917011114488,11.74678459642328,12.228846955001995,12.443221086637006,12.59978912648797,12.289299106551633,12.297323659592493,10.808658885711768,9.608835314731683,11.071421379442903,9.972727586317497,13.01932224542007,10.755470502670287,11.617344194021127,12.031264686689635,11.933193397786432,10.94333959012432,11.612928888844031,12.089865298505174,11.164838900228396,11.318400487297161,11.906680181870705,10.216447707208095
9.877107621798727,11.037950501829872,11.021205565195205,11.255890999113891,12.09713256271086,12.048878807499,10.696415374799251,10.268605079422825,11.522187687353396,11.248924568816337,11.0417856206734,9.76846117223033,11.225265097853857,11.54666178250468,12.694953984151333,11.015641568998134,10.326524814906527,9.664170595180524,9.812953751300872,11.090333612976686,10.092019025224086,11.529445447453902,10.236171931330416,10.527252794159295,11.894730218654841,12.076273636166322,11.010902321351175,12.071751986642457,11.921232389640826,12.372721912626247,10.421622914233406,10.184988355006215,11.250051136748533
9.989471222217261,11.305504754375244,10.535590876567818,12.243178025336308,12.01681901472501,11.71425422134248,10.112867090862483,10.285431816917153,11.400774737180427,12.112786816693346,11.867111165381361,9.411251015845552,11.333002758952476,12.943431152085612,13.597637933868096,13.216153042036716,10.584696873693817,8.77700587013325,10.376499304061348,10.657731591298363,10.427520639489568,10.916439210382896,10.817086826833371,11.891486042352772,12.093434569594177,12.408831813800976,11.113052807883657,10.81781870958986,11.30851880214086,10.580562723129983,9.110307513113073,11.801422457924279,10.573991029386374
9.277926207539716,10.881654378340496,11.577573813119713,11.490450051976154,12.658548771575864,10.67898092359199,11.016233760117903,10.869549569345738,10.932468736122196,10.215117970251853,10.931666632825355,10.007722247037645,9.480927405848764,11.300602539022012,12.425323496505639,10.914051981073463,10.24113397431924,9.158809439171371,10.272158135113054,10.047275234649732,9.269202547598482,10.47331081298049,10.145531451006768,10.325568041772138,11.454441668527833,12.311583481692201,12.847897873685634,12.991517347736998,11.698483631645262,10.655746739833729,9.43812491763433,11.896426958424357,10.516268552690201
11.202901830323533,11.661183569164116,11.382997987921073,14.710002209770995,15.128702407706093,9.908737680882902,10.152310946907352,11.381374024081579,9.987079057691366,11.917848052265605,9.302342758592895,10.436505148316114,11.350226613220238,12.369811324160224,12.38777201797088,11.033012685246787,9.556794164821087,9.771437857627186,9.538328937709322,10.53899062799118,10.745471651088465,11.223367800800913,10.102905998486651,10.66483946946784,11.61522556039475,11.983530373689776,12.90904062291872,11.606555319498286,11.129579472535474,12.493034190660156,7.934412343314067,10.258558197384383,11.133914165070808
9.813683799357985,10.869390701548202,10.372327678671084,11.1849706506635,13.653881335171555,10.512169186600344,11.92387144124958,12.089720408322874,10.191973926760602,13.03649980904012,12.040597229314898,9.172411716977722,10.30998141007555,12.262674876816194,12.207530741822245,12.940934895133099,9.252246457997169,10.785866569727958,10.350228276916386,9.848385139803689,9.549693611616085,11.856718438959374,9.419651648233485,9.881170557260845,12.26941303519232,12.414271290066134,11.929113701228488,13.288437242729934,10.708469884798093,9.450858599744485,8.466231363355934,10.764449974013338,10.656211691540468
9.272413509434712,11.33003733368076,12.107845185426719,13.303102241522767,12.501434961939566,11.749416424875234,10.230179846661411,11.527802897519297,10.948463728102166,10.21521146551048,11.704641782950528,9.690306641701978,11.094893016331946,12.575258547201583,12.31574207506977,11.217646475723186,11.120650000085694,11.378272301883209,10.751244467185193,12.928768537290363,9.977688945629305,11.750667806604527,9.2798376374013,10.903157018751083,12.045625813356,13.6573625846224,10.590534816004837,13.725764144243598,11.396917622705383,11.45339119601442,10.25021157877955,9.512430017149372,11.167603683516202
9.915987008561446,10.248079953303986,11.822860196399006,11.689149862816873,13.795206781215345,12.40510627446717,9.686926382448013,10.70059742525747,11.05411748012053,12.680907223506404,10.75881134208365,10.060561564073357,9.631781205450762,11.966816969193559,11.168409255772188,11.960714197362877,9.829594194778654,10.528627550111311,9.750217670320279,9.600951766184508,11.836290741788213,12.310720093732058,10.728934303716828,9.850333610738248,11.749902026447076,11.720525412383093,10.502868751490922,11.239876699938668,10.493718320949792,9.39061716133937,10.257981456522433,10.82149531783344,10.667647484019085
11.27013783975033,11.365737252849117,9.258206084324865,11.931946907144676,11.91141380780864,12.102802556624958,10.357028227421615,10.533403259949157,9.82792350742355,12.426093693868083,10.620900684530064,8.978204310475947,11.066662650433656,12.948855816599673,10.568652142139833,11.455392965018069,10.724189307911054,10.871777157318865,11.649640507531815,11.354513112002357,8.551973071930895,11.798824131701842,10.562095552176906,10.625760957189852,12.741537577311057,11.68145596375876,13.722598720728858,13.080047663997796,11.534289880480124,11.792263970035854,9.884300480775702,11.571511855050932,11.102693490280414
10.26480244393271,10.552022791804461,11.878565396308595,13.112539348382278,12.056407739942038,11.496886017425695,10.182976548448408,10.84767320696223,11.123614172371518,11.51557307238914,10.623780206136084,8.865641537712284,12.463620876154183,10.383803735029776,12.876714082225115,10.49294263895599,9.84064986895972,10.928396627204414,10.589122991766079,10.08957298350065,10.768122091404237,12.008101594768416,11.56883900771964,10.805648076147223,11.67005658499519,13.121029908902363,10.58484582478056,12.505291495758385,11.594025944968847,11.558131971347695,9.362437410619748,11.4870092493613,11.081855594276277
11.060146268652879,11.05563783911622,10.813271283734158,12.472394043730654,14.831866653556382,9.181902705103525,9.508569128515317,11.605915951628134,10.680125730906536,11.499365259682504,12.172777422008428,10.360911876540051,10.114516043758215,12.451375847629834,11.949617883353602,10.892642152255675,9.93873195719171,9.349304352450405,10.622266811592484,10.565298530042831,10.892944635924678,12.347145494413196,11.207244668644748,9.91032706649467,10.472612542149541,12.318363555497424,9.953153376093086,10.560497377259999,10.03674042029645,9.90552027630872,10.85508857944757,10.9408389496396,10.298675148268098
9.165470885110569,11.670550528586384,11.215461378464372,11.7487771268415,12.08181520009338,11.278102420328397,9.39156943104047,12.4908932980814,9.957423838894512,14.160645115803616,10.834908637953252,11.119638510488446,9.6205563373807,10.782068580812176,11.688655863037855,12.252663008358244,9.346179997820458,10.58967592725254,9.404388428867346,11.627005184333125,10.759914819322555,10.760928475892001,8.919763784644736,10.88984158124787,11.677256399706545,13.502581569042553,13.097502129039267,13.688843728649651,11.893217057129476,11.200007497104124,10.881614156806398,12.764143153818726,10.173961568199386
10.56684321133573,11.020947185771623,11.316777559349704,10.167758556681772,12.630313208750255,11.384287723592363,9.706293371833253,10.536534559161666,9.740131404731706,12.20255074309301,10.493050513334946,11.677253134605051,11.506848259058035,12.253116685495305,12.510842427453984,10.184470442348731,10.301663524848301,11.134119249976601,9.268857475242159,11.321615669280998,10.385483832172508,12.44144163111267,9.765746275020469,10.968878969223034,11.542281075711047,13.805499444041903,12.353639416490939,11.946713456042612,11.230466059313473,11.683609015044555,9.318017368645442,11.32673883972509,10.09442830686978
10.039242342954253,9.601147544491488,9.96885674971783,12.217598874574316,13.758104832973505,11.269130497812766,9.818951261623695,11.998374712664337,10.566295703828185,12.68369617389945,10.321966575169766,11.210398675236313,10.598172799188495,11.79952798704205,11.072244604237582,11.549838355884786,9.47954220885778,10.801966794616641,9.925666823533593,12.678995811926022,9.223225804946537,12.733841704570485,10.634132477883945,11.234570796136781,10.222183210725737,10.88278356491678,10.498606098217449,8.776985779750607,11.351336324692719,10.815162828082396,9.991520371844384,11.82225202594381,10.123640755383756
12.139863733581114,11.00337039120483,11.589267684653931,13.134054782787695,12.861579376586437,11.191136075405973,9.700926884268778,11.041823981711866,9.749913785802107,11.048828623508713,11.896232095886466,12.363496821266958,11.216466973983904,11.00010933412798,10.830512127884932,10.618859979411313,10.424757157329035,11.030453875069874,9.600974055091376,10.173794570343242,10.61169764667249,9.234942236995899,11.230523586300844,11.099890625144504,12.05752383682257,11.111659484241104,13.529981697877664,10.696827625696514,11.821745823013758,11.147199402392527,10.277207821280367,10.246004582001003,10.129312854719771
10.775840085308987,11.460107315192777,12.404932713721808,12.923872560038705,12.64216747225266,11.147670335989387,9.89450602111505,11.583017210971065,10.292560105378273,12.342267894068613,12.527697438898045,10.589095930747268,10.98963286985836,10.819371836345622,11.809438830309235,13.598858618900046,9.47493393088464,10.123322615697699,10.667628172794426,11.216590000211124,10.80233382399662,11.024635985947347,10.551770291158979,10.224175396488912,12.209058072551242,11.913724448330653,11.018940448243331,14.402614145294743,11.465876026535504,10.648062258213644,10.318125526454514,10.784828127352256,10.52761465005184
9.55297909709108,10.014676172990265,10.509487518325768,10.40059550065079,11.703868967259941,11.44824703360374,8.888277843272446,10.800058654791252,10.212972068602,12.56349832263389,10.858646896929416,13.080780939630902,9.777036242555551,12.28327869877967,14.147028797954738,12.498626826575864,9.374947719235745,10.986892491044797,9.6936090338396,10.246597058231572,10.354740387045673,10.465779500887331,11.33777713234827,11.385460705585757,11.48711757384744,12.398613738568203,10.572037062196129,10.611543554808408,12.292553471685261,11.437283426305052,10.91730855490903,12.165160692628417,10.627208974441007
11.092311902783363,12.762869372155494,10.69221352439653,11.835379951179188,11.822660127448172,11.618065123384463,10.180028694537972,12.34209814930828,12.938378188088407,11.90334760977027,10.3215946393071,10.185714326067481,11.56489401946157,11.060957410116512,12.607485558734442,11.850771653481615,10.243271922544265,9.137530402980508,9.610883540159163,10.16165617692083,9.78706329450468,13.488644793348282,10.041617068024891,9.688404605687538,11.789889640562627,11.749202339569539,11.585356911585963,11.398211789650812,11.0827169152883,10.76770601839006,8.739527451803593,11.056876566227693,11.137505251743061
9.161306487328504,9.791297672187198,10.583544718570387,14.210231708181816,12.729157661754298,11.85701984526763,9.520057739720519,13.29688237172976,10.456947891585115,13.50125265826343,10.137517835957143,12.33074940948914,10.120204621937948,11.759526038340308,12.005605772677352,11.490815033538729,9.061619119605103,9.882757519633547,10.30080489472329,10.161044950171865,9.334170119699916,10.832073274420685,11.278663069380505,10.93387301980472,12.313856443392906,12.78152020935242,12.296879338861576,11.136660208309884,11.439577125071954,11.38598460183905,10.236742936850437,12.097586580773296,9.053142659559613
11.43140006437698,9.554335668760405,11.24377601238236,10.397831179520761,13.268079595157603,12.408756850038039,10.047821871779679,11.2300627100817,9.390965061477788,11.815210118057738,11.797577226400673,11.107573916743865,8.417564483301732,11.635552325593075,11.365408511609347,10.151961576101483,10.368219883166866,10.121706552892128,8.509537313761792,11.732746263590723,9.868288788092187,11.927339825685161,9.863386771752628,9.906123719121904,12.346187449694403,13.284763687849392,12.631245418296716,11.619451314191094,11.7433059135438,11.640591008208837,10.947585249756147,11.539677866348983,11.464019161554349
10.763906544632498,10.334609701270374,10.506246549807877,13.26884949197386,11.718245720152096,11.786618936312578,11.52094906819369,12.057834792340424,10.600244445696436,10.767674549131506,11.741163396848652,9.609137274560242,10.479250014907558,11.494784080761868,11.324848710320707,12.470309732698816,8.506406111292542,10.962629017650826,9.763055889185727,9.86589046136282,10.423612229362499,13.070487782139674,9.741788070706495,10.232268632796368,12.074608798419293,11.727393962459693,10.7726340060761,14.697113893950455,11.441943783044055,10.658529932902733,8.593216687906132,13.342895889352576,10.384699414275437
8.817740622292048,10.067784514527656,11.12446024801181,11.538132142455867,11.966972637625208,9.874769372254336,10.41824076211293,11.121650207710662,10.635831042096957,11.961204116135466,11.344107877382067,8.763046793159102,11.008427553760045,10.763309423110568,11.69508608587683,10.880117653570618,11.113996071336455,10.004808939783567,10.326976760214045,11.424855326526766,10.244406211560216,12.13727524718815,9.291123817939006,12.108965813777266,12.706890885286697,10.895629527813231,10.125455340265491,11.597906321949303,11.057681638485283,10.779531345676276,10.343537429788869,11.166941469264428,10.617093598616085
10.182019157316226,10.809146232993307,11.137719257712144,11.097480036041663,11.533748370066386,10.4643293060315,10.953545988275646,11.973350155301686,11.021117630626712,13.64122867232,11.30437956490803,10.570487375974482,9.670411326949818,12.102988821742155,9.25088137918389,11.385428847397879,10.498723762213336,10.236896175629191,9.612915242825341,11.982544059647886,9.387665472151879,12.80276916547206,11.594859672583148,12.195417848857002,11.310659819792118,11.933161854592347,11.58085463402577,11.339338243570444,11.686325160720427,10.681434047794946,8.922188759378397,12.401005428611994,10.478786291441471
8.94282155816737,10.504186143367466,10.988136652427245,11.226794799071882,11.814900713850989,10.45421311994914,10.796290803462417,11.561307419405523,9.549613841383708,11.353655719668627,10.514496946548938,11.18100154541321,11.018473057491038,11.34643551584129,13.222514528838968,11.219515349013724,9.224787510855734,11.034351449705776,9.997527680248485,11.48873628992238,9.390084741020237,13.640939277562008,10.494950381311037,12.128467220248801,10.90193812113098,11.021927695753966,11.515935677229502,15.091436849445316,11.016079598769627,11.717391185650337,10.502627221337217,9.019257402313976,10.441997542020932
10.091877840958121,10.912867764361636,10.977580755239355,12.16630242005972,10.523746188865262,12.33840199305615,9.70639918086753,12.530161744245495,11.117558816861676,12.753417053090214,11.730898931873359,11.147274544441915,11.763324751003937,11.719692969252606,10.046894618082536,12.109456304974517,9.44183202936184,11.32283701940964,10.423926064054147,11.566004110669239,9.516711937540615,12.687825250118543,9.020489884825052,11.965229931729075,11.18440337253205,13.488560591745685,11.29255063884723,12.439606781277194,11.640151279516793,11.6096810406237,9.883661956947968,11.20166934321058,11.023262711291283
10.468324740648832,10.891963056445897,10.63872936372601,11.119911042871555,11.352770684839331,10.304264843344242,10.21739431010325,11.3723767135411,10.616223842505383,12.168148710108555,10.343880835650296,10.24181690534187,11.742942399843804,10.715660373726834,12.639476538062539,11.111113365809896,11.71165164115812,10.357407291042788,11.677793993533996,9.70099372229549,9.019556771016484,11.036898924902045,10.285595495904078,9.645055088746282,12.046033215058412,11.483033979766585,12.86946477919054,12.239849973728779,12.039670054269568,12.096977621799477,10.075946443004392,11.281146811637683,11.604061978900575
10.732811278930697,10.31064209948268,10.048680920819947,14.015891416725136,10.859843689336515,13.035469291045475,10.039917953184014,10.436259787834567,10.84094125198286,12.316406569930136,12.604103526551395,11.393669845996103,9.60931716930175,10.705523085512494,11.901987234614717,11.705717049832193,10.71499935673553,10.894052955711532,9.007533245065272,11.098083089750656,9.342756956678853,11.870507156731275,9.44058477113627,11.67280959803491,12.02144644416531,14.221075907862469,12.463544179913125,10.453942083253432,11.540371441352907,11.158416639120153,8.735701918121382,9.088843238898088,10.857057434213607
10.836515456942937,12.499622994403484,11.513267881365747,10.678163217838563,12.84913770112996,10.804572384272229,10.273796040337807,10.844933882662607,9.652915113118167,11.611457907806196,9.615115441324619,10.392312635702018,10.716777744334879,12.060663496087338,9.900207018401261,11.076997268288997,8.963785797869273,10.57555105932894,9.670658388540929,10.00248899962477,9.298519917873776,12.387802060244452,8.689992982403101,11.4431030545208,11.215507701400332,13.11319176196573,10.73579367729282,9.648493611398656,12.733765454083262,12.231159432484716,11.273429867358177,9.919691415971178,10.688683846560028
10.237565369957409,10.45514051187441,11.374212301533035,9.806584197855532,12.704167604725871,11.337912318840312,11.171647048707214,11.542413660017822,11.13240576600825,10.250791071028724,12.552058818830615,10.148139933254678,10.34640174338359,11.87388297325248,12.472320538270635,11.470476984822264,10.430183206949284,11.033582063060841,9.472757258981432,11.136105585943888,10.164409750863065,12.903201651586365,9.71450197722528,11.53364900550792,11.87205191864217,13.756536574430259,11.798310927155416,12.814099653688361,11.824025267465174,11.454942380264459,10.672233450464052,11.91299111804337,11.122589557412326
8.754668138465322,10.87483006806192,11.031920260675694,12.41767549180635,11.238877690805767,11.321820742323945,10.556202965070755,11.882316720090756,11.169069049963614,11.948134220776408,11.578397655866214,11.06434320698336,10.854210948104015,11.872559798989654,13.436627062499898,13.102288137881374,11.472488442983087,9.594208789209233,9.867316242076148,10.764240159882569,9.049795814810901,12.582785848258494,11.235825402437976,10.741113106367013,11.374315959346928,12.364731139312173,11.109311593931313,11.782395481499702,12.449083469220655,12.465468761899274,8.866713818082061,10.38482981101041,11.063523609677366
10.647450126299164,10.104491997615247,10.960876105952394,12.267949078270197,9.649129611524456,12.645733587158247,9.304948948913115,10.236046929516434,10.868163364282985,13.7828199940856,12.182041975459727,10.613839690569971,12.206806733811533,11.121999779508434,10.209066684342963,11.606702009008142,10.037079634609055,10.46970473991202,8.756453890133788,11.182762848261302,9.31338924489214,12.49601076301499,11.139891663801908,11.63015004335651,11.528523744027508,13.825119538941845,10.760035762545261,11.777815892457284,10.719115201201937,11.765904340850632,10.487339663159654,10.030976204288807,11.547363333433466
10.292125896310987,11.026151359778831,10.61729389142172,13.636509882906982,10.911062483111365,12.603331896696758,11.442009459690231,11.35451262703141,11.79964822735786,12.752843677794953,10.573940821350504,10.71288086925773,10.55975515004642,13.13751240188265,11.22152434950344,11.365377211142308,9.530095751372777,10.540355911939791,10.389109667394283,9.12980441101367,9.364342726291012,10.589876599882977,10.401803670296397,10.585188893291908,11.962798873502186,11.952405098873339,11.610917022243719,11.231351466413381,13.03332613777015,9.258913797719455,12.156807562287838,12.163501962750153,11.299089194838439
9.396188469994744,10.276858025871386,9.828191701687137,11.780842139154252,10.859373010288392,11.595853284815593,10.372449605560186,10.765245997226518,11.416817901738392,12.712141993763714,10.338859439495378,12.01565056406361,10.859902688742338,12.254717279466178,11.912112476770487,12.493498246004862,10.860172537813723,10.553545357022266,9.690083284427535,10.696494510589211,10.80361385917126,12.919719293746972,10.55043096825758,9.263558186109965,12.197991843004788,12.436045437932004,9.069863997070652,11.0457675058652,11.189966658280797,10.99402753818722,10.860768961253019,11.504440985182766,11.12537576996162
10.170692334442023,11.462130180563946,12.733235447077801,13.287641466302551,12.186049551046757,10.993624954760588,11.352797602483058,10.985467210665767,9.524245608482282,11.339081326664518,11.570464689687897,10.304241132355013,11.832553776199296,13.788143622734257,12.084278072032905,12.105615417702284,9.246825987524282,10.081521353338852,10.536819532233205,11.522127688668837,10.573307812424414,12.19237061981677,10.287495338279795,10.399336012385195,11.175325826794166,12.568474508313164,9.997058184077133,12.87746185033866,12.349227537766106,9.75347469571503,11.256192364254764,9.531607530717567,10.352428715620865
10.323502963582989,11.636158334100466,11.500690450814275,12.079609689505748,11.554416906798714,12.005350949066216,10.893615830040284,11.255934144997054,11.18427353607143,14.208478340950279,11.499571665590393,10.38664786251831,9.216566519757011,13.609856861993245,10.671310484635221,11.101828879666574,8.854461409621909,10.839331784417169,10.527211874888113,11.399704228502854,9.846694125590588,10.107578181811425,11.360527212108297,10.924929157963826,10.769524272624587,12.700237878703936,11.070482698280285,12.374744358660697,12.203200844831121,11.597269406300398,9.64079151162096,13.03679192178545,10.073064318827264
9.296551535370888,9.459516518950206,10.61087986667394,12.920833601683443,13.094167442484883,12.778551149790877,10.724894515424722,10.709771024958489,9.904337266026214,10.37426543762572,10.399345688681803,8.779784307489471,10.661473436562659,11.529153950537607,11.854889605122436,9.946542733402186,8.940407612951176,10.497002695924657,9.814237455750758,12.43640534281858,8.801398604560559,10.246491162666608,10.975277514044324,11.925794242515268,12.371148417339633,13.136176947482877,11.211591928291003,14.183413556418333,11.172889312445895,10.006860748541225,11.294261889639614,10.672876893774847,10.243771279936604
11.341128862382044,10.424818186503039,10.773211746713049,12.469437374758712,12.115857091977592,10.784186460008247,10.337168205299633,11.470921134669124,11.120354420823949,11.867741644726053,12.59849550356427,11.217188139769503,11.899463120715412,11.023146091671192,11.595576462429795,11.686423536016934,10.412707656618487,10.193678111167555,9.563694831552645,11.655257168144207,9.466611446083832,12.228158843601177,10.680708808526731,10.5635412460704,11.437984268450501,12.173013576741395,12.585702102555905,11.373777136045348,11.498705128259989,11.201181809941838,10.737570640641431,11.572442556771975,10.140304771900302
9.652413654209624,10.299520748986607,10.869438645346635,13.35909541400444,11.76782716225384,11.30363109603698,11.072946425080517,10.467148850007558,10.926249744104352,12.382769934802072,10.116907307177359,10.600470565037796,12.025186963987668,11.398527328203723,11.900788357693003,9.759455982971776,10.641790429386225,8.814875486887917,9.437582083723214,10.69442928442197,10.23025750323642,12.616171617256743,9.083678047968654,10.996057335466439,11.740226819057026,12.098035005056536,11.565853719170649,13.06314609068182,11.287666396376155,11.899643255579074,10.119325715978286,10.800839437245944,10.989113659017347
8.91933336915265,10.841813799630254,12.368258775959664,14.428847923187575,9.02226640372908,11.447267955493714,10.098553830774746,11.04412788959239,10.135471518565,11.09447622379437,10.886167496203457,10.411497141478678,11.10531682575396,12.738733089687107,12.758087256019705,11.264163500491415,10.55062405442616,10.973536343955796,9.800164870884517,12.030543062580561,9.562706917412932,11.559868967527175,10.052965049854992,10.74256255148338,11.795321181218624,12.547084054340836,12.032130273841977,12.910167325831106,12.635363249387925,10.890762756128087,7.400104771159414,9.634818563741911,10.576598072334894
9.80977210479226,10.65583477466184,11.016124871283104,12.35754289955474,11.514305936700252,10.929354202433467,10.518933608840992,11.155304510935649,10.915094913767591,10.36569756955965,12.131481453863119,11.292208089293426,10.462783823322704,12.214662732844218,11.938753926922999,9.456302959978231,8.674568200277399,10.562885181493069,8.792309649455309,9.759178562083637,10.903247687975071,12.008180533974912,9.465896121978124,10.034698445841508,11.421820650304374,13.073550858500422,11.058265327196779,13.554078852698582,11.642460506663827,12.246229020215194,10.781593304641708,11.365209286413489,9.952264135731372
9.89612505999452,10.765163925669716,12.082379903658996,13.338619088041785,11.35160382007388,10.238190810891558,11.7765301437848,11.063197293183169,9.934395777979788,10.965980728038856,11.448767820074098,10.84186447922301,10.790925335154837,10.847852236484156,10.018148593938388,10.030786522389432,9.934397618148576,9.160119744482362,10.916150489712603,9.320782467677173,9.828657005208166,10.994013436549114,9.739883571276629,10.702028603446973,11.731962043446945,12.283865829346912,10.850535345730528,12.05127104657196,12.418661138986621,10.708028547206565,11.37807754314494,11.808875289197623,11.321245401300555
11.138550922988218,10.286335742683978,11.639791377684224,15.459997950649925,12.954735098184663,11.613398965550894,10.446099088555657,11.285952816561052,9.722134344403855,13.224358646133183,10.680055557002364,11.417432788748869,11.327587335512446,11.969159038232716,11.112146852013938,12.004364488464235,11.353409261073075,10.607167023988291,9.642587753441891,10.927512718796766,10.723804282448487,9.762163706120631,10.026717942633988,11.3429039992436,10.571204587748806,12.09001252422707,10.750768893998579,11.063813609446145,12.188810067403999,10.475874883160108,10.0898160554126,12.111898317773488,9.756760323989965
9.49678529171754,12.702276977555844,11.200162394684586,12.23234758203574,10.885687081828,11.05485794271432,10.892123134287097,11.640289824059584,11.09931808516731,11.231393856550948,9.92999173485253,12.211352378285033,10.127675577101401,11.595486309977556,12.618654294831854,12.5397340732029,9.170213306724746,10.097913089504605,10.276367711880026,10.889734167374641,9.199965614628711,12.304348139014408,10.353151952285234,10.377467834997264,12.514094302304912,11.840002077024081,9.903428628633318,11.683142322734778,11.9756938614588,10.49386754485848,8.116896906801047,11.295091256853055,10.690890818980186
11.105854070845202,10.886991124952306,10.878117163385218,9.973603728412547,13.535168905785227,10.699356595099049,10.85972207650209,12.141187341308749,8.197590821016258,13.30072272709518,11.459786192196363,11.970714907128137,10.890285390085568,12.505631683298706,12.556007358446315,11.726614368240362,9.281040309174623,10.410176959398608,9.892892902472592,10.183493644132065,10.0549315331701,12.957448355810406,10.106651685198443,11.575893274664615,11.277184982985926,12.95595431080418,9.957379671862071,10.796845972628986,10.996004888421945,10.45849264548906,9.802206213479241,9.850707441801557,11.46252849624972
10.349609729430643,10.603891360757977,12.470341461927726,13.043955469611417,12.101456995410484,11.586711233634759,11.993995495026585,10.388578260973432,10.292244812427978,12.610361558488744,11.274320001829391,10.142990214656173,10.321089912425155,13.508263597694361,11.743721390741232,10.207877706188892,9.48659507353025,9.437998961544716,8.85060746578752,10.974269661569025,10.730490434847207,11.468865427608948,10.81562383105755,9.696144561767083,10.895586244887408,13.848001499071522,13.00633831213359,13.162105503054171,11.281799082414071,11.338465330781558,9.819859556168756,10.442110176432871,12.265740610542732
8.832510336412971,9.277229450446693,10.296208266833764,12.14759360243873,13.44940670232653,11.151568162828056,11.853560298117632,11.135298477457258,9.675574046600852,12.307157628223843,11.192152309046168,10.267334384456401,10.549992232172528,12.110368121468838,11.462915125522354,12.042931326897978,10.372051613591687,11.595592942591399,10.682530666439696,10.299412535826104,9.336488401003537,11.487899424613152,10.839835675454099,10.475192075886893,12.866428987618864,12.84992449049648,11.008214945170716,12.198225195625252,10.566374679140944,10.658049882509411,10.876157270093517,12.018060809447034,10.76007801310475
10.261812330354326,11.480101076948973,11.438814887651139,12.284661502109843,11.460021916596357,11.879204153077401,11.207217071212849,12.989754937011297,10.924299597078063,12.922619934656208,10.164590527105675,9.62500002405667,9.115481430292087,11.409164805129521,11.561494217608487,12.115810663428531,9.154979711409394,9.470047922602065,8.60613418394011,11.403576845045578,11.499686649592423,10.687821027755005,10.14139351444168,11.02546350097783,11.291216966598494,12.38519131492551,11.710637239864258,11.938684318649754,11.617108515107187,11.327863442300751,9.91387801073781,10.472727752978221,11.370150295169152
9.919866286001296,12.645475521722929,13.606187877140515,12.052682364582829,12.130853704936698,10.413887773311595,9.21048145201264,10.617996273415997,11.909921732474533,10.570768920867046,9.872804105238236,10.562323605059149,9.42699937077595,11.80073821701529,10.998341484389083,12.584431788267109,10.98881259427818,10.300821025047075,9.329853331405253,10.842314027322741,9.329263536926051,12.732356956353831,10.120577657751301,9.854991725786007,12.07390273456774,11.99589752557894,11.851611221007659,10.697626424561273,11.890444565715981,13.52193591697281,8.650975754621875,10.815363601784883,11.896997250014444
9.993627273175324,11.733920840578246,11.770973458192543,11.881559041257187,12.875124757994337,10.18339063526712,10.05590713065844,10.917681077077932,9.23008915695586,9.72667191561306,10.717969842895565,10.572538439606012,9.902794457307579,11.834400849909276,13.376742663919039,11.273954141472492,8.766546064990786,9.815781330486065,9.792722097444159,9.72145704204491,10.2774761608834,13.024086712039516,10.901032183213223,11.0709689650049,10.672264349733767,13.910606816443698,11.212828186635504,11.216637237071609,11.192272072251658,12.181156620396933,8.604461622656235,11.09682401155134,10.409680589354451
9.592709723107518,10.957662929918314,10.739817943026706,15.125482838527535,13.211866357642197,11.038557590559803,10.572117425944342,11.429240821923726,10.08567785565789,12.029053792472801,11.21763340918685,12.524517597333393,10.707805063376155,11.780708973167934,12.580597745278958,11.47952188723357,11.43161427273174,10.643434308983343,9.990882259883133,10.611956952677296,10.491324546555724,13.048677652117464,9.959779262701446,10.908754966778691,12.052765366779644,12.164146515613249,9.654146109780744,14.287940330486158,11.37494786486879,11.802582913370918,8.316841099653672,9.811703555725206,10.854374212728235
10.712184083601283,10.753804966400645,10.45069839944954,10.34712708328446,14.312783700051101,11.862196678415607,10.217060423289865,11.886783929556596,9.79415931993436,10.53347187425631,10.278949305484607,9.822495999316079,12.462806612812,12.6210523935149,10.232318338415917,10.778293474602101,10.310844462650337,10.515136899055225,10.184763599352845,10.85615991652383,8.833705851406853,11.645086231412039,9.924853732383973,11.039173696719281,11.941898788369283,14.361366535179409,10.34690872025618,13.462317215339697,11.282191731435033,10.935854833100086,10.268665157478782,9.739391172370727,11.655452153672814
8.734324114579387,9.55751598286149,11.138608963531423,11.059388602057439,10.250173562855736,10.828654590914,10.120878781969168,9.741790141753166,10.746020876601701,11.228013076192639,9.359738482746566,9.990354770909654,10.83857259333178,13.255139373427081,11.932198705948105,12.0992711024759,10.640240792622578,10.565895218075937,9.235972555951026,10.644395584745643,11.345541354506915,10.40591804549798,10.553953554185043,11.44721042692348,12.188688536861545,12.92867747309656,10.64772539667111,11.089237153239575,12.433012956141908,12.6520803563165,9.281872928918581,10.704854260479673,11.23986066291472
9.3062143606017,11.103639137192141,9.495881285010128,11.92368392440201,12.032945283004647,11.78886142624957,10.38315848418454,9.296458498302778,9.365869227277946,12.443139193204027,11.109154495172305,11.146577459324588,10.32271214088977,12.861291171388588,13.348764048617435,11.726418579777434,8.991344829623468,10.237437308244001,10.695208434588187,10.596376081993133,10.743661869469497,12.480810106344368,11.668919963731632,10.840054043936073,11.754479515256815,12.8560188986219,11.740074037481293,12.428768524870993,11.615268615436902,11.339694471625856,9.846847651528744,10.26948127976411,12.049190662525016
10.272385622995833,11.433426071691438,9.682710917382567,10.856810083484632,13.088685178783981,11.567699022558905,10.262477437937315,11.601148958516752,10.34994937597069,12.45673188301971,10.66292238801486,10.505526406322245,12.15176700321982,12.76997576210133,12.12293164615641,10.344548901392537,9.961317131350802,9.578662707369833,9.585958199745294,12.290467686263282,9.892425363925197,11.270807711790166,11.051970601125623,10.23467948202418,12.1539824224593,12.427754453194655,11.55843872743696,12.481130584559018,10.91991174582066,10.115505301657443,9.122188619838992,10.832228264533363,11.700170601175543
10.854280233134078,10.128940422452287,11.586581012755241,10.000760222461707,12.753116001088802,11.127151325188114,11.40530914332439,12.467825573284026,9.953092918983971,13.287209715413773,9.874397175291405,9.238555529996324,11.10826995449902,11.912813365098238,11.732250187171298,10.671161037449217,9.021392590183883,10.648168154503523,9.249292231944754,11.25558229097727,9.854618011787746,11.374644866087413,10.753087687498693,9.796667968635113,12.45092388673911,12.380215135556458,10.841063071114812,11.383279228004536,12.31471705297985,11.515453188714977,8.591596747762242,12.594238438429086,11.369462889922282
8.631012089289992,11.138383504506102,10.445324068047237,12.251452299764942,13.15066487758274,11.231976529305777,10.157481470366877,13.059812284652464,10.745275169990071,11.720944043212933,11.077598090982997,9.564612331902055,11.156586871333708,13.155101586126241,11.969392760083977,11.1038309723375,10.370241307765117,11.605184007783066,11.921009480541315,10.335334908334607,10.404294069732344,12.279100519553321,10.45517945975232,11.89798788372984,10.342170595256112,11.827418344954362,9.961478567792202,11.253765194675974,11.019450598338594,10.895986432074277,8.81079128478188,9.269816611132986,11.082374090388932
9.539876604965741,10.20541671702951,10.489860482797845,11.310443090430953,10.747045448275212,11.000688353587138,10.947396693523615,11.658882286919743,10.292096888319538,12.825278200015603,10.117050255809042,11.071939031428053,10.815608016485614,12.450668446476021,11.866427629535881,10.429319646185629,10.143382089240976,9.038257674308824,10.750173762288528,10.881760770841591,9.407305275138002,11.549725270180879,11.040385493806188,10.770351673888378,12.37906159416964,12.369547879426761,12.343297113165137,13.560075240402362,10.849490296247179,9.419518361218005,11.999637378403644,11.31997098034905,10.577284047462191
8.867494348206842,9.70127873354707,11.669614618048232,12.472023177429925,13.592861745004974,11.405850870424668,10.232973805792554,10.731368553642763,10.282089635303251,12.078597059550688,11.391977640157256,11.425315297021783,10.218658907995643,12.063920838048634,11.805282919620776,11.861367744970337,10.893731797243328,11.336968478401081,10.496853693925631,10.572293241632533,10.376596251105319,11.470810824031219,9.820387432933005,9.258551250497648,11.205558607137835,11.215054212541695,11.976424757975995,14.595454244562339,11.915559695175691,12.575969559549007,10.72075905125396,10.878620914715249,9.566637341398886
10.677321968585513,9.550568254516874,11.280492949807499,12.310949025314132,12.802998604425694,12.908814775197737,9.996435876734605,11.920620136865708,11.453147663281882,10.828661149839876,10.954715964739137,11.538424842184954,10.861269452923374,13.036955186247166,11.90980136254257,11.524435266446714,10.897686518426774,9.779973353223259,9.934633862058073,11.587035082645539,9.585103635839218,12.772539104494111,10.264639304206764,11.53122557311748,12.730817750932623,13.419049908773585,12.003377706249145,11.310366224624902,11.642939950346056,11.297341765265967,9.38072298271297,11.034588466083148,11.448306631254725
9.50654880869337,9.690003224787029,9.898341536337142,10.544619471425612,12.393949168439462,10.114770753959156,9.971431240692702,11.221144462419886,11.701455170735173,13.593803692494278,12.479527801823668,10.549137332059704,11.07767244592327,12.367301118506845,10.894467822590965,10.689010872781225,10.314648468971214,8.77451493957092,8.023061574457723,10.311402444193035,11.32070444892543,13.270053619057688,11.456187605060805,10.054350712167805,11.62002557781349,11.254956957316786,12.15893731077614,11.949207508810625,12.198199188820544,12.093267851197455,11.471417267521083,10.005716464993153,9.733799859527025
11.219351027007434,9.219792628637665,10.60460457855361,11.427055006073035,12.5985385299029,10.899441560120378,10.262699629615218,9.00245104982114,12.242794495606745,11.690979441867787,10.784014217171237,9.343347709392717,11.29736109008094,11.42131274698454,12.726839993318858,12.542586161955862,9.300050385900292,11.148839559819402,9.781820207624131,11.327322626024984,9.22234946801318,11.607737711116016,8.234386845271166,9.815896431613169,10.459029029663734,13.283052503448411,11.264728619429079,11.978714147459645,11.175669405166976,10.51541671957358,8.777511802701802,12.492359148366443,9.528403567625112
9.587462578120249,10.456993456840175,9.853011360082045,13.440788559466666,12.46279499357048,11.16059776993458,9.726529181494474,10.684072110980386,10.378034254456795,11.260903301292835,11.64974348205891,11.575709627971664,10.514443524904523,11.685841363435921,12.835269645926193,11.880041667184466,9.07256965722547,10.844927736670385,9.030655764845793,10.827003334134094,9.154151291507874,10.810482727558243,9.570188067069779,11.523298394768204,12.01106835776479,11.72302881611234,11.228159706694926,12.493877456534916,11.929340907159672,10.70559014654588,10.161139315393404,11.081710690706254,10.819371825116523
10.956067226046821,8.807460199641232,11.804978156683022,12.951802918798677,12.45270358187589,10.893592303439945,11.574418428852676,10.909149791343122,12.024871630470408,12.338583837769686,10.506052169712657,9.608756376865156,10.748386834518277,10.948109108044966,12.379242010301379,13.928217223241797,10.277148220742992,10.539083696177778,9.940273760275243,11.498840312888094,9.918523412758569,11.776657633079829,10.789996242330323,10.038563140339557,11.762876584068358,11.537013813095442,12.183226360421616,12.487835873581467,12.053024388287286,10.437675247462339,11.17086712242092,11.600226287442023,9.40748038993315
10.92284702968674,11.25226524066766,10.369125102885741,13.580196712464442,14.57920060975356,12.013422993118684,11.289103413119962,11.571199392133934,9.306124386018379,11.70263253393917,9.712666276158412,10.039977624433526,9.923994993647886,13.115938455376764,13.924260354282511,11.545400179904158,8.827824547718036,10.641581770960714,9.651423801721613,12.136406701198982,9.483532451969412,11.743056284547528,9.39882752800347,11.479006374202823,12.719577959803487,12.549427143184907,11.998018834420368,12.367291163284019,12.063201379694416,10.237361893932862,10.897420185059127,11.64772283088825,12.2729796063798
10.466450583646752,10.219758279587282,9.025765655492368,11.29966804737816,12.070893714120109,11.070307790739664,11.330892938239217,10.085952885540728,12.02965230811459,12.32912278729619,12.134569689790425,11.64271578378961,11.61707163794197,11.81429578746476,12.121490782136817,12.148508755748729,10.287223461085818,9.936854976762744,9.494292939893365,10.508503911747969,11.169530864407342,11.616933604524895,11.447865525916212,10.637084914642262,12.056469356451352,13.76372056073829,10.2069955599788,11.343967996298717,12.09877056701347,11.3882573334948,12.040060242530036,11.246078083166122,10.75035123891948
9.996197139893638,12.853179489062462,11.565521251740936,12.013428932420737,14.83944033159007,12.109031767127288,10.806453052636865,11.032146832403852,11.317177941570211,11.642894363669802,11.539584416251248,9.593226706660786,9.182599097281772,11.589656172867334,10.074857742362532,11.077081998937157,10.159626760819627,9.248030988562906,12.396752572755847,11.056870685729775,9.740760908369037,10.267217621359695,10.161763656211072,9.586766919536748,12.068939070048744,12.903743644262127,11.550502510628535,12.836661989070844,12.07346790033459,12.077086524931088,10.649109551006353,11.6405058694232,10.220629817901646
11.21790907398809,9.885517810645041,11.051803876587831,12.088535188282888,11.829478697551062,11.26280172333536,10.752650072511429,11.221842832343556,10.282149859358121,11.287252054479794,10.940241247138363,8.476839321269237,11.368541508571209,9.987790028639758,11.849975653521636,11.308030581175238,7.833393924009001,11.181873579906473,10.038462064869623,10.324811238642772,9.52979420889143,11.593882222453503,9.000748886393836,10.748690485274489,11.851555137207981,11.688049969161217,12.130586155118225,12.688977958279647,11.256001421183486,11.989895861128517,9.900429785590651,12.500984499933494,9.422431550290337
10.935852427648179,9.085294547396485,11.88955558864322,12.916473900401751,12.835112832844061,11.16876911638696,9.924540445978726,11.052279490899988,9.80672142028497,12.813882747705229,11.5328055781813,10.855366643306297,10.399250395840589,12.575687223556514,11.499394857768634,12.343157668922684,9.716171659572181,10.691154368104975,9.85009968324374,11.016669893160767,11.097135421822127,13.055028212755467,9.239108474926201,11.051929458615286,11.075167777785486,11.270592709902687,12.07409311685258,12.508561556796453,12.059040963175262,11.830186697776725,8.313368649109767,11.298170764754948,10.850470785182672
10.250116598711267,9.87153791868666,10.216943488804931,11.641766145981371,11.625722511088073,11.609840085342842,10.01451021561499,10.368524217772027,11.216464085867395,12.147645759588665,12.428183508950307,10.386635027499285,9.604445769406418,12.626613456538273,10.09595265031194,12.857221126392165,9.90822651920132,11.182458544906396,9.832501702486178,10.007076104386194,9.69227283753829,12.494974269825398,11.324701801589695,11.544419991243451,11.17198643794488,11.41541359562239,12.130745205056261,11.017976717195545,9.803274496185331,11.614892050731351,11.431341661882684,11.151797089444784,9.613710587406004
9.004085759016672,10.731166749480218,11.503755091649603,11.884357436881068,10.902285868495802,11.939764515991893,10.787820930320537,11.913494356811801,13.102273830238168,11.695812302977775,9.365096517622444,10.461405040573275,10.665465633319364,12.307041881996595,11.998453308223493,10.320621729842136,10.509064629519635,11.018086337047892,9.107617715378037,11.057788730809218,9.79138292767524,12.414667682371824,11.786795634790119,11.590463314342541,11.905985947489654,11.401288940432064,11.419527480136534,10.888059616706629,12.232544617897188,10.207817271236774,8.660090543331503,10.062668740281218,10.037931567943929
8.506041635035281,10.75315001907735,11.304350401272186,11.339245790867212,13.226538016175208,11.966305794841578,10.29175983891819,12.495316010837215,11.086506088054886,11.166990221210295,11.139770908946806,10.577250150047034,11.654466198913042,10.89042816572613,10.284164249693005,13.441721538430684,7.754894795277865,11.362400938163189,9.87839795551127,10.504943998534047,9.717498068729137,11.199413681325161,10.898763352273505,10.635606322755432,12.38250837107631,10.21460599352941,11.965318952041537,11.314487328302587,12.533675570461932,10.06085891875776,9.96480986884181,11.028875867092383,11.047395930489786
10.90269562710916,11.35412906209915,11.074178533272013,12.37792597638598,11.457984530826868,10.319758105166624,10.227224790804621,11.081716735743072,9.493835905523675,11.521014362584129,10.824595560656178,10.507100171242104,13.567569113160843,11.292516999532303,11.557625970207003,13.274978376611605,11.982748741476836,11.57994534895086,8.404815965739626,10.823298060401445,9.654567166198634,11.678779576668626,10.092906248187184,9.541742937556535,11.106462749795043,13.746655748715867,11.510351751512573,10.026160249943947,11.196296173509364,10.061667682563918,11.388625153924455,10.149287868134529,10.425379298734468
10.195899478198506,11.115281869258167,9.78637286970876,13.074596906072948,12.619102384926427,11.277722814306713,10.039832432002587,10.410624417287005,11.593207576780262,12.133579144650295,10.21858419139906,10.18958327936317,11.060648613127324,11.89620931967207,11.02211271934467,12.992797148205568,9.692896910625798,9.110795273615945,9.309682380199224,11.537073771612835,10.983136734796965,9.272563456200139,11.761960300526006,10.423831285789113,12.492472125497512,12.541375311154292,10.165943411345255,9.935009364308682,12.096489606367712,10.252441021548572,9.684406440937563,11.912817622022857,10.22424422323488
8.3501381507439,10.524418062361155,9.43721104078,11.89908011079456,14.528267101911084,12.463888069834908,11.967535653250259,10.934659623566446,10.105964134927445,14.24632524229814,11.390039077699077,11.527180689305895,11.403997138281566,11.463452765079236,10.610015344312044,10.614433087610093,10.54383551933603,9.582371424518964,11.073301778964483,11.120244304408239,10.035076843999493,10.383289586902338,10.892906764304943,11.408306062537086,12.26564817876253,13.780160003762257,10.635337005061514,13.305879460452863,12.07860896760238,11.397928625138553,11.462836409582575,11.035194277363786,10.037080162559947
11.79402697441912,9.223884309654663,11.725630536740184,11.834846809241716,14.097967009908356,12.219492037290374,10.76521815004152,10.910183635012359,10.358354456744475,11.74273655035392,11.549649696586469,11.288225720539504,9.724048441873734,11.100270711088262,13.407216583573499,10.908236250484505,10.549407919974698,9.95119965971537,9.184241602021352,11.32023310990777,8.833546749430074,13.35840482867333,9.93517274555775,11.920391152313012,12.143744175890753,13.515322437417014,12.218657004798645,12.636401189707955,10.600546136137318,10.741848985164825,10.037803635972917,12.887050667326333,11.4732335536528
10.4718210355702,10.892360791067231,11.301826374834459,13.925499150159682,12.33307228153112,11.020295812013483,10.125336550539325,11.536822322972329,10.986932121776444,12.738199978183536,11.005742041962172,10.210006933579029,10.215225063154254,11.77288166594436,12.2262421856741,10.536769939496498,9.801900909031565,9.554096471098777,8.162672072211075,11.294266576577346,9.202848826887355,12.568745732408171,11.458670110951218,9.902255934833827,12.183061113444598,12.657969271891405,11.72081436953699,10.463646525558566,10.64321833978589,11.921893514182745,9.771751834974266,11.811787533565909,10.648361774123583
10.479549839227436,11.306113164255521,8.982693674786018,13.091198542445218,10.658250457200275,10.15992769716536,9.435418535956067,12.539980934522568,11.299836188345596,11.73841646816386,9.716727525586698,10.679072282254653,9.938684692021896,12.573717055725664,11.243232912883125,10.407183536920398,10.181342840773603,10.346765741359594,10.32354980524101,10.41575694018087,9.665629578732393,10.91751661753078,9.994526811927097,11.32632190599833,11.45654241963945,11.524703757338738,12.709193033938991,10.711746771020898,12.417221531035022,11.321348055897625,8.608241095908133,12.08627619706668,12.3347357269685
9.790584612307864,9.556403255428963,12.821574518932131,12.09198753004639,12.497218382517028,9.82434919341815,8.802977070441422,11.818230213536498,9.675918673741071,11.767830139082129,11.840012212861817,9.46435283625781,12.582755262798681,11.700367985438639,9.873896973621374,10.947597469853477,10.397899717561579,9.808435907264002,10.14363804614434,11.121263329396765,10.144892175016144,11.045069112712202,9.090682334278151,10.6525934019675,11.53312695587347,13.022049762106526,11.663942679849455,11.320853432273717,11.454959064918466,11.285423623819057,9.085154483433417,10.64323105810985,10.288060697366117
10.319334939478972,11.388973154641745,11.458627225368886,12.920593758063728,10.30294509148658,12.225922471504576,8.959024927557572,10.630460092039137,10.750034147996319,12.12775557477272,11.270567173618018,8.793461393087734,11.601517570083617,12.202155606753847,12.071671459712645,9.170546883963626,9.243551075200658,11.078122736198079,9.214009416460208,11.548957368516877,11.024695814294136,10.399552459422202,10.13576355379247,11.060591504732297,11.162689004729069,13.163810964031901,10.858948889560532,12.272667466065698,11.676454153871184,10.585145997155765,9.551706689274777,11.910785224042648,12.348964531046969
8.388475786010083,12.18556339958195,10.294859760978955,13.487826876156783,12.740231579647785,11.479423632957804,10.986861687113528,10.642605369422478,12.198522733242454,10.319898934282865,11.152475537689739,10.347996165657104,12.712903471288515,11.844723968103422,12.730451369921658,11.631817672491543,9.189552500903362,10.770424985395453,9.314345762353817,11.300978255090753,10.55555561714283,12.32769448071864,10.00950061517884,10.409398771388553,11.649396392433022,13.214274662295647,12.474042824391603,12.29151929528174,11.200592709091332,10.818978838530166,9.78537134204147,9.02166743788024,9.474880191574501
9.725119048584235,9.63909888301039,9.927532304147778,11.153214767189503,12.551031494485093,12.492765000764496,11.740774714084568,9.836275209068653,11.552185419116617,13.719405552633777,10.657672830466835,10.919698775757062,11.330511951246718,11.625076834481058,11.52519593440103,11.71033689674535,10.972801178475681,11.27483854462604,10.448032741643084,11.180000291382177,10.012246452047014,11.64783535566993,10.026982174547078,10.013636365100451,11.655804928885281,11.903564038790241,11.59251812081233,12.066350476312884,11.287011382552242,11.520871803065319,10.412869182300565,9.165625189844233,10.287680804156702
9.1051176126772,10.80600399418009,10.786700721327442,11.89036389295209,12.218943145941843,11.992436153502085,10.5636989162292,12.463756376081431,9.804773214043573,13.685370722597566,10.947613886069506,11.11142850548537,10.777489287683593,11.688820518377987,11.602248311941793,12.46512190314109,9.64559172400395,12.537111534222452,9.008980724171588,10.474131721883435,9.447185332524949,11.534588015370614,9.333794793058953,9.935864557874769,11.966110407319361,11.327171533585096,11.529246730095764,13.813799233982934,11.599436894947873,10.914622766853684,8.923058619740951,13.329620147793879,10.8215952049429
10.79491010910351,10.761784950651665,11.233621275858464,12.731555542088568,14.241454426384356,11.150507427339448,11.290466318773397,11.172296741144002,10.205181803878556,12.949127160077133,9.31939677547917,11.056623354750027,9.58383224963673,13.385845473586835,12.240303424140116,10.694872946159569,9.165204901669226,9.424439736575934,9.349983214347425,11.596561502450886,10.463296675719016,13.846109859779883,10.770895471285014,11.694645017029949,11.996152344415531,9.787619687185256,10.699362650195582,12.954036196055124,11.407571204745176,11.546638927761908,9.218805674006745,12.110529269165655,12.349890850292992
10.282967726689744,10.677284119914452,10.018609801491404,13.2810498560089,13.386471383904366,9.939667819883791,10.478224686159768,10.86283262368874,11.313466539094351,10.787428595252935,11.649271479629974,10.109865348156585,10.48218132998191,11.52987316204467,10.330361560292715,11.365337269443422,10.395276294568822,11.22381738065511,11.16175038025391,10.722612843000743,10.136220098660768,10.345094481557652,9.396731011529132,10.640622523855301,11.032658724309062,13.306640523456187,10.0275330774937,10.445462522761845,11.79798303531431,12.50390994590587,9.946595341618446,10.443304387087451,10.565288806965036
9.398238291386939,9.339636107696998,11.438824979544941,12.209987600364256,11.363137060068203,10.799674984711853,9.648317673562453,10.467330559473211,9.895431009746968,12.10392434084487,11.278319244681153,11.069163337393487,10.740349179872473,12.353567390832923,12.489571401706401,12.290293296561487,11.363924645201106,10.144377596167212,10.321864698829973,10.638050862197531,10.553723407786157,10.7432327787407,11.716801344415295,11.774183699846331,11.645998162241892,12.727805942175948,11.87586904754933,12.14225081005933,10.599857089467433,11.518037735710804,9.979798285716432,12.96570947337418,9.498702413342729
9.734645458910634,11.847838537981316,10.899996471353742,12.76148285571005,11.843050642289304,10.820476220841,10.543283424392392,11.65391833725064,10.533400651610858,11.691431990003242,10.739515727911728,10.640309097918147,10.119426603338294,11.653411491603809,11.988502208110893,11.615737039461592,11.221074375851682,10.223166909050786,10.446691976033678,12.34489634068304,11.364705577138947,11.853310788737057,10.97852555688959,12.566790025863881,11.231225852975518,11.548670572618654,10.844949408233445,12.210541485578247,12.837213784565026,12.271413469109401,9.543211419212541,10.032919213175026,11.57165410815842
9.097779873516647,9.563142673639422,9.809528682575248,12.77354974138589,11.794213977517035,11.297168128805392,10.905050245227224,10.299432453842053,10.562616565046262,11.77566742943112,9.319371117924486,10.08651049670001,10.881337991626367,11.099330670726777,12.980417975791573,11.608875919929247,10.393714844596031,10.758781094241165,9.461776349687739,11.372053682219525,10.1219240098955,12.13656715549515,9.492253603694799,11.58276349140124,12.537498787703333,12.563265325293315,10.829013676593162,13.685983067260567,10.9623059424071,11.086378016612874,11.217576887937454,10.802173986637467,9.95708184343087
8.800040476939433,12.493315523170551,12.088550617543207,11.126808168384068,12.7329262173791,10.881490070037167,11.438492691589444,10.569698298559228,9.01234883708855,13.027234475467456,9.119027885046094,10.018971388710185,11.10900783725538,14.012813315035046,12.063107007305915,11.07151857951463,9.640924210538273,8.834656922171419,10.222917929973388,11.308162395211369,9.144261802740338,12.410499619115576,11.397075302836814,11.049887595527391,12.122949922116105,12.324749438326752,11.914556497380218,12.918172833852168,12.492810702748647,10.56793873046382,9.647207103806622,10.96417112736624,11.018638308871864
9.52036008784383,11.502039131469402,11.445222319231872,9.4793154595495,11.70770503417182,10.21373053926535,9.88331646380369,12.654225994574452,10.929262314832782,11.783152332882706,11.2856893122167,9.974344658682053,10.519953614474522,11.62825422010312,10.618482294682899,11.191378551320769,9.648100714066498,11.242943693835647,10.478428436315637,10.229264245839024,9.29488718461851,11.994089563211984,8.890570098099616,11.075299555684714,12.54135095853338,11.708320644632801,11.793206987544593,13.136700557232015,12.42345609348312,11.193319429274673,9.615366719642218,9.532149069610371,10.580136617647884
9.338046857927505,10.917400744798583,11.518783919196252,11.820461162669584,11.17915376660989,12.452388408344442,10.071385935084159,11.79565200550326,11.488241822454292,11.155037104127459,10.786287638207623,11.407010043018213,9.174373100259372,10.84996015437887,12.21243096784025,11.115750759058928,11.017162136822538,11.488733877108993,10.671882639407219,10.215555046565617,10.602506577466244,12.34548281700192,9.456673086279846,11.475926472066106,11.01427712802953,12.394537544753044,11.692892680101606,11.252591699813532,12.063205464533615,10.202382111406413,10.255792903079438,10.77250542615255,9.934910054620204
9.804366082239113,10.730165100372032,12.53028011700793,9.68819428935089,12.854548663218148,12.389409550208581,9.744882149191756,11.521049292572211,10.983509954812105,12.774964382151097,10.90458651621974,10.47862287674595,12.57577694170293,11.465977256059539,11.283908287532054,12.923404275280417,11.286742234682478,9.571728176725767,9.870591612813811,9.416461914440774,9.86533756092654,11.100461049327969,10.750299717207474,10.43698938962039,11.16834446466494,13.4978160710411,12.030277294454756,11.297737782875217,12.358143800731153,11.017049693051684,9.931048683367106,10.810881973178898,9.491166216812438
9.632494545837512,10.503982267347611,9.750458184767266,13.029539394582123,11.824898301699244,11.091638458180888,10.088450273920685,11.072176941006159,12.816458090146348,11.772117345630841,11.35358932019953,10.022757217365989,10.69435587087583,12.374134806197807,11.753999031336301,12.463079633139769,10.07756573029304,10.7020455908203,10.691157819143879,11.003969725922502,10.527636765887538,11.277348314727654,11.345101897428933,10.101062468418103,11.678229401657896,12.815420397254028,11.215552765041643,11.232165904722748,10.774830617741417,11.948912836650495,10.817595920679288,11.016518165716386,9.59015544997565
10.032581736110043,11.195915084298266,12.295042152068287,11.95100451509537,12.666628645855518,12.368031453533444,9.825836008439342,12.351763555760538,9.282903370532342,10.373721875741026,10.648055664723564,11.284989551628165,11.496961637966777,12.47430512403564,13.555736787660638,10.985333985660711,9.750400042555162,10.436570241778544,9.185216910428876,10.934300592316127,10.18934292128393,11.009363183200886,10.602249437074006,12.22244790450366,11.642693293483486,14.15672786620398,12.0532345578702,12.575768679305307,11.661317811243933,10.807351976481046,10.84758184229389,11.113058086520809,11.72150187214119
10.743255004357808,10.32197523595587,11.202175864712547,10.860658288492852,13.585227813542469,11.723290430863807,10.456931896071605,11.063579351635859,9.950868066283935,12.843159063356616,11.295017705729746,10.836205204277734,10.469677895588333,10.784102325234462,10.477701385833468,10.549454404635913,9.708526436898866,11.051090961864807,10.064047876329363,10.592171241906321,9.36555240254235,12.777791174319585,11.348648715850311,10.311801289260679,11.698021130234613,13.591566819062425,10.124030833755292,12.068748633291303,12.031923168896705,11.066001168716435,9.612372960783011,11.472716064339068,10.637562467265134
10.78833201061409,9.899778113834783,11.612860289981722,12.311015638363068,12.428117910905584,12.146269424808434,10.791973572182986,12.149917150100187,10.340469486127253,12.315258236476296,9.79488734457094,11.834890461811185,10.884657442485349,12.280780798804088,11.236870064097207,10.91484910774216,10.236074932626035,9.838193436250867,8.894582295316091,10.691805079279908,10.019470997377695,12.460522834391396,11.586432298727939,11.60396465937293,12.875559003454972,13.15778308334846,10.54340425996842,13.039594888410724,11.76362201051138,11.78487185984991,10.111478413501938,9.499492716015643,9.517086192693082
10.630153754554971,10.11232899640166,10.557126580893218,11.57819816082472,12.446348054939069,12.691729023880189,11.544707526559861,10.936872981811712,10.781204064375181,11.672835788806713,11.36924158202791,10.745271854788585,12.564121448499955,11.115182771865332,12.613685609424703,11.441053814004324,8.779702641784253,11.593149494961237,8.686543246760323,10.530835284897135,9.648651904374043,11.237102593325188,10.6328435471997,10.776613089291581,12.048299047810962,12.436136566342997,10.790939800709705,11.222417809240488,12.212931471784259,10.785289985949664,9.671481270547108,12.447649097152606,9.523438526852212
11.590009331482957,11.405593073783535,10.511473811587686,12.250819434697696,11.120261250670335,12.635879386957054,11.054700670508876,10.550679983713916,11.040591886002384,11.97660963234001,9.887443357122793,10.36957978545126,11.84697268106661,11.838266738578936,11.871376624967088,12.715081983309991,10.438669279050238,11.727073650156452,11.208301927085975,11.91361952322806,11.213211819168478,13.504336346274405,11.050991207439466,10.768681798157555,12.242959936547495,13.905304977675375,10.501699729630273,11.486927304314879,11.763864953648325,11.287105341193536,10.777838134612209,10.902163670936305,11.042303278555918
8.924676273780602,10.953808679661535,9.207064446547799,11.712256736228197,11.020636873545019,10.527178191910131,10.20324415969324,11.0883909020386,10.322896631895867,13.480233369153478,12.433568083441665,10.38581137032462,11.418246649670149,12.055654878551614,10.91798774768695,11.8890204627217,12.256918826033383,11.13595598108117,9.112861653307895,12.238315751654419,9.710581268788104,11.877070771884057,9.327168245066831,10.527443554390274,11.481133890112687,12.117048390221584,11.785802558336432,13.133695361246497,12.919169659293168,10.219574785627776,10.121709935863949,10.833609094413104,11.734108971465131
8.925202129311243,12.722940718342452,10.648041744294515,11.743027289096654,13.551088543409874,11.194194181794241,10.208974925305396,11.769589528371538,10.542999427376976,13.132089954226863,12.07215153083611,10.892626883388004,10.103016003654346,11.674695465423857,11.752714992229254,11.830337826284165,10.5165585841267,10.176073651595418,9.7652146729483,10.756085940043373,8.994304845087486,10.482586564005342,10.815791160765619,12.059196962808956,12.1167257399338,13.765632033159195,10.011985414107514,11.7951159629744,11.714551113384932,10.511705750881168,10.181822332852127,12.263051505495476,10.581011140702824
9.205940690699169,9.00427955490397,10.936718965164182,12.60528322968267,11.670949209946095,10.91247626272238,10.535631202995859,11.80795827949594,12.271487786208539,11.26914181376167,10.938650721516186,11.274025007438809,11.62097434164683,11.250303606691372,11.02485260507424,11.846801307609523,10.237834166244328,10.349652725967546,9.905213616898921,9.811261290319907,8.988782407405893,12.185768472765576,10.130024074474175,11.418148056351908,11.179221130091891,13.37213711678082,12.622787675714745,11.62035352919109,11.05044804255215,11.348048005089028,9.396676269347129,10.524307746052106,11.031040421577027
9.737492186308796,10.881326472034786,10.409214314299081,11.344692655249807,10.843287139878228,11.403156024200456,12.46138618165426,11.387717269267489,11.59285022836153,11.43899445482995,11.467389799142449,10.106573354673094,9.70617838074386,12.351487584795567,11.586767835015149,11.608267144867945,10.592616017706666,11.655422336553018,9.244952895747565,11.293341227025715,8.871686782789453,11.649648768305582,9.622053297936626,12.17450958833303,11.419492508983542,11.36446346773797,11.56141822217582,12.149488899436086,11.06526526352,10.962030944882004,10.891045840244283,12.0353553413152,11.7184236917205
10.270950236236642,11.7953894494353,11.091126683527293,13.2864094359743,9.720649054190044,10.98623064124192,11.045717009960088,10.85489414670846,9.704644992618844,12.942230145963341,10.71111209271911,9.86675659423939,11.840207509106197,10.718623412894582,11.650624868409333,10.517811494683464,9.899075753753397,10.065890282204109,10.513786562797021,11.140672500604886,9.603817406659575,11.847056852862506,10.536864652785166,10.693896505353546,12.383885999983741,10.99457288303329,12.511245726757966,12.577396221371517,12.242584642230312,10.393895737519895,9.788609234232378,11.597343576957176,12.484672285843413
12.447632028579646,10.696596071784851,10.640513104129852,12.139184131403765,13.046470801573822,11.35223130096036,11.05120507416446,11.879906689525448,11.244049344063818,13.051695176885163,11.354576702054384,10.660999768238911,10.038912251408023,11.19172655940143,11.781434600380388,11.403604436452866,10.145665408042017,10.746185803543678,9.772758892932863,9.936381687449312,11.32479140682451,10.425344556333684,10.316944845755478,9.879080942372473,11.671203807777937,12.898130178829303,12.164987032829679,12.828799131257412,10.882595580982528,11.302187254038103,10.83162989707727,11.532603448508747,11.22326044667723
9.994903810897283,10.293862279364365,11.746289048982796,13.58133549348322,11.791647976244072,11.497735722000558,10.362569897173529,11.2273788656219,10.538425560703978,12.823928830447711,13.318694263720637,9.221757037157719,9.5656451781865,13.048994546254082,11.880283326728776,10.957512466513728,9.254600608506786,10.0327338873058,11.25995287526303,10.269173769053173,10.425848980264833,12.9213886950997,11.772166248103137,11.584096498677555,11.918634392757399,13.353055983251702,10.472522628963135,11.508278394006066,11.232118453628042,12.220704289283338,10.038609668736074,10.192657815551291,10.343007134355261
9.714449851379637,10.65104881330175,11.42435063173695,12.311029078144227,12.793314670926913,10.252468555929973,10.700024044591208,11.632813191386534,10.131583485765889,10.043415051344882,10.470757975629,10.843228044625135,10.425969984615842,11.503779218704082,11.139686276879974,13.056362006260587,9.727862668937664,10.86016833896707,10.686797656926549,10.72468701812852,10.220572808226386,11.386852116677371,10.288010197168813,11.33950678574663,12.014386751232358,13.250087942331481,9.930089772001205,13.03423633943742,11.494548652993917,12.064073972827789,8.632130641441831,10.725525363794228,10.748837032583555
