A0A075B6Q5,A0A075B6S5,A0A075B6S9,A0A075B7B8,A0A075B7D4,A0A075B7E8,A0A0A0MS07,A0A0B4J1U7,A0A0B4J1V6,A0A0B4J1Y9,A0A0B4J2H0,A0A0C4DGB6,A0A0C4DH29,A0A0C4DH31,A0A0C4DH35,A0A0C4DH36,A0A0C4DH38,A0A0C4DH42,A0A0C4DH73,A0A0G2JMB2,A0A0G2JPR0,A0A0G2JQJ0,A0A1W2PQY8,A0A3B3ISR2,B7ZKJ8,B9A064,E7ETH0,F8W696,J3QLC9,O14791-2,O43866,O75636,O75882,P00450,P00734,P00739,P00747,P00748,P01008,P01009,P01011,P01019,P01023,P01024,P01031,P01042-2,P01593,P01619,P01706,P01714,P01721,P01762,P01763,P01767,P01768,P01782,P01817,P01824,P01834,P01857,P01859,P01860,P01861,P01871,P01876,P01877,P02647,P02652,P02656,P02675,P02745,P02746,P02747,P02748,P02750,P02751-11,P02751-4,P02753,P02760,P02763,P02765,P02766,P02768-2,P02774-3,P02775,P02787,P02788,P02790,P04003,P04004,P04114,P04196,P04217,P04264,P04275,P04278,P04433,P05154,P05155-3,P05160,P05543,P05546,P06312,P06396,P06681,P07225,P07357,P07358,P07360,P08185,P08603,P08697,P09871,P0C0L5,P0DP04,P10643,P10909-2,P12259,P13671,P15169,P18428,P19652,P19827,P20742,P20851-2,P22792,P25311,P27169,P29622,P36955,P43652,P51884,P61769,Q03591,Q06033-2,Q08379,Q5T985,Q96RP7,Q9UHG3,Q9Y6R7
19.350458590324646,20.6986111637649,20.681284804087515,19.196626761213732,21.917058808368193,17.9983829410531,20.82915083648793,18.179045866856036,21.49097843083349,19.044519737555834,20.136744384549775,21.289276409165844,20.737115143991232,19.157729268237738,18.731719345312946,19.682933853509027,20.023563749647035,20.08666329554873,20.134417879886414,20.221109452547573,23.165291566285966,19.99583283694849,25.258842870103535,21.235500241662727,19.70731846179688,20.552369476657404,19.968237816920038,21.273539093736616,20.800279807835867,19.769221702299674,20.623309939592716,18.91544376039542,18.53229262183069,19.490555451870133,19.587711855011523,20.08573368930063,19.658570823709344,20.029134247236964,20.226724914212227,20.028955809532796,19.192202407727628,19.383645387754616,19.785884542885796,20.051690022676095,19.457690736813447,19.38564322195169,20.520239818738265,20.74671721455516,17.088556865332432,20.099625196401444,22.542706688749014,20.47122762877479,20.213570454298356,19.902490720680177,20.615833829036244,20.60205157546949,17.31290692291296,20.331863840215245,20.422034201218953,20.678969236824372,20.772897738779598,20.439433745312723,21.938801111999457,19.492903269160166,19.887441998029278,20.50964669316662,20.295473359578576,18.845603601885013,19.76217003620533,18.238694987741166,21.553102086411105,18.82921673159129,22.344492735586325,19.618343054565834,17.42909913434062,18.538307319693637,20.028046278970397,19.605107979182606,19.187286907143978,20.72117794403651,20.259290829950903,20.93485602859295,20.46777753046473,19.513992895683536,19.663815613441866,19.971723155544215,19.101414501609632,20.489602729243998,20.74034156361355,18.784018473861117,19.78031216815878,20.115563552530574,19.54019795518138,20.281582985295362,18.554455748383567,19.510165902194334,19.668026051593355,20.71616357013969,20.26581048118692,20.254852503274705,20.251065272341467,19.416081805087675,20.610565450606945,19.803797499558744,20.219398557386885,20.315741580677546,18.951259814118668,20.795731729737692,19.634515677157815,20.824635655675937,19.95573045445495,20.370032306977777,20.13355933638435,19.531643437624048,22.363149775889706,19.034071474543815,19.34977474138651,19.06352948137411,20.077700760639935,20.27878350331232,18.050546732269733,20.61677749368421,19.5788343273014,19.48428963242395,20.10000790023849,20.300834209277223,19.74628327648414,19.667052129011953,20.248550296089203,20.72067068176972,20.408316031756346,19.609580353176447,20.447247350852237,23.973223559928893,19.311627611072726,21.732159504180103,19.854347512745882,19.819126234479004,20.13050948339172,18.432984276078432
20.866705679973233,17.617963091152248,19.96625149676819,18.76744734119372,20.842519945842703,18.977178544958033,21.246093344208052,18.93463208699511,20.28964814112549,20.063123393231407,19.188965481256226,21.0258882651181,19.608675058544968,18.67909345565288,22.76379633171769,20.272934225828887,20.636836098956575,21.699200394604,20.91992145661797,19.774916891968747,21.17537959785629,18.95373963489462,24.632594704555956,20.266688412890602,19.594480044233176,20.669766008681265,20.426042008101337,20.569195825583176,20.330776583471984,19.60263417746842,20.180745987563707,18.16845341761911,19.351124187851948,20.04259457830426,19.33161707212594,19.771208512775612,19.886864702742013,19.594977796412405,20.172962004615286,19.64659952316964,20.010417760327893,19.17242241747696,19.754643793157115,20.05138136846631,19.866663524232678,19.620747597263264,19.61667187915,20.668558819349872,18.115131950468975,20.069143911891356,20.60133597732964,21.516537549666438,24.195571514087288,19.968370541409705,20.115277018496343,20.594475032360048,18.83307479488509,19.975452387106177,20.48607916118513,23.25153739382499,21.10912808088011,20.569894647671813,21.322173831186223,19.532694511419052,20.12888452299755,20.041350973872408,20.846427666201883,18.894874055669597,20.27624515742632,17.42096297225785,22.160987896838325,18.881671196922387,22.191092948986473,19.34109266291694,18.11514023525482,18.176021785051443,19.87059753862878,19.544015290859072,19.689832687262463,20.368308348253414,20.453920936322348,20.850675790059643,19.569463545585428,20.064898332426925,21.08220334422565,20.058648184897343,19.0899350973423,20.612694191699315,20.153946245025416,19.510384475659883,19.970050814539558,19.514217686415407,19.784170468060335,20.285692210082043,19.43259404085474,19.727908741373177,20.46707413880577,19.768617831563176,20.296540128067274,20.249543295548907,19.95736307905108,19.614347894084307,20.03022542972563,19.771541988460797,19.756280963048862,19.493155884894243,19.372206515500366,20.038387882089527,19.795764106372683,20.388729028836348,20.26503774448875,20.089977196329322,19.854843600231106,19.802951170412072,19.829364277309807,20.673990829489384,19.55793170397227,19.0175308433343,19.624579281840496,20.725173435821866,18.927490167605757,21.843194928595445,19.229665135994626,18.223206024791068,20.203578388509047,20.669289574776755,20.395811521116162,19.91841858987931,18.755235563158706,21.492620416349162,20.159224427027482,19.540776990718474,19.831180285590392,21.8832666885922,19.840712851379152,20.324147159129065,19.67554747282493,20.332460279373553,19.173445095842013,18.778472600653693
19.408950312827518,21.816425475249744,20.293874488645148,18.055745053912855,21.411460723125987,19.390904115892752,21.350938196941836,17.668263776997698,18.90278073252396,19.572753365006204,20.572068394176764,21.30847159787194,19.486244782233555,18.912838895902045,23.991702544482244,19.48078474901657,21.3783462276196,20.860444437421236,21.625015678735984,19.292692844122413,19.849429028559445,20.060300339253864,26.287287496161543,20.643630104565606,19.695984451303268,19.652574789229266,19.84288465694501,20.210983947822854,20.214088826378518,18.699712638966467,21.137251364469112,19.452349595592903,19.690455455867482,19.78696332221572,19.213720645112954,19.949314311305386,19.97755409535056,19.338232518163853,20.090911620195655,19.97196388071117,19.561853955143874,19.637949839976535,19.505066276372766,20.03745354608613,19.616343225245824,19.384162143529913,20.331645961238767,20.561865734171203,17.733706818364332,20.445135944020908,19.82673321780663,20.443455285760518,20.804644689828706,19.96302669605695,20.01773302001084,20.376277885673318,17.892127641001025,20.4838684242987,21.007712582798593,19.514252195346312,20.95519118870361,21.33003184256409,21.85665641002801,20.132813992330078,20.185118246796186,17.704704177424656,20.3907114762679,17.894189830781336,19.261504785294388,18.343102808974134,21.23205830380203,19.19980163304149,21.938027614441886,19.703093981496945,19.063146568862464,19.257172412415002,20.236797289739677,19.775361409365352,19.652531319365085,20.572838027732704,19.603496693769333,19.929169934637844,20.520627089288,20.157348267511708,20.045634992279652,20.071618199482703,18.856954087827052,20.58625678087066,20.29814134829373,19.24763112423423,19.93501054432591,19.56120996508568,19.355522555236107,19.572775215629726,19.082623505660727,19.242572554069955,20.382944603346235,19.69245014490229,20.949241387022596,18.921235901265522,20.24652927372,19.913320018436483,20.93366175323757,20.126540792960586,20.237182501204604,20.17207829119428,20.979192898207508,20.07131778073237,18.937966089341185,20.333150091604697,20.59378429705069,19.597067918294876,19.825444964374128,19.602371097384275,19.86166356153599,20.066441012699013,19.78300314972579,19.08855616653529,19.85383947552662,20.54970785097057,19.074052499844,19.788115061647,19.15173090218536,19.07499058252434,20.22682290180175,20.7143116868244,21.33598054161067,19.669653158202877,20.22050568953594,21.75746264572014,20.309150564178644,18.722140740301526,19.741690354022552,23.45040088800649,19.463915021434357,22.109172207624557,19.755038135790542,20.50605132704338,19.033533822540317,19.87861852812335
21.840279857254654,20.15790935218437,21.194260318967665,19.13376949955247,19.051583333249873,19.403671250118105,20.964269836186713,18.838245385159723,21.503721442659707,19.620740409403794,21.421341283706,21.251547686144214,18.39262732878156,19.221788506217994,21.123675291234164,20.93494872692921,19.469204760281915,19.51362194002193,21.14711238303483,20.39354054738662,21.348859329823853,19.607283891223243,25.53599225881089,20.959160167738492,19.479044377580525,20.188979716319924,19.918509535209655,21.056447579531888,19.489938945402603,18.128042866710746,22.565364648320035,19.285278078800758,17.382944799570545,19.851326017141417,19.497545591237675,19.79681996020115,19.93721035051878,19.23773212646817,20.485246129631275,20.17090901993671,19.660222240151416,18.39077415859401,20.3696045067047,19.842274020061772,20.045739530321335,18.933227545341467,20.428869950327385,20.59656663029656,17.844838121148715,19.671274549843602,21.43754948702414,19.110790959354382,20.982012324998646,18.363425966665883,18.673195828691078,21.698430060853017,19.011655434517575,20.029455264184655,20.56578961100344,23.58672142745888,20.69018696999589,20.801009957877255,20.85254999841601,20.88174548702982,19.813322711783403,18.462469055914816,20.233764259341935,18.320962553549087,19.401921424245153,18.436761452738487,21.708190202147406,18.25716332240524,21.79661437014158,19.21472835372945,18.279184513734286,19.42491381550988,20.324753050665585,19.993430288437064,19.839684491858392,20.787133435098244,19.452271337371585,19.436914687018866,19.975326676024167,19.887709094432093,21.528053424141717,19.97018200141278,19.004304262582068,20.424055421644116,20.260742846058594,19.229828525130994,19.646236585856744,20.08610480924274,20.002188555414303,20.195261086267774,18.77803432483896,18.87740299628533,20.666049691759238,20.618121485082174,19.947841176490698,19.373076481256717,20.290943550522133,19.205703559519055,19.622497070716847,20.155096477718054,19.915133262673173,20.330586982335987,19.402889768268558,20.54356641883253,19.18954541676822,21.876106244920983,20.140087775537644,19.866421326947133,19.439723426212836,19.77390582486913,20.374251282276727,21.393980908874937,20.04558761214894,19.417582227382226,18.913493452616642,20.29550347837965,19.332911267413973,20.953900065766952,19.267771427257223,17.808572333113148,19.989496550044016,20.1448003925315,19.71603333164974,19.87558543397728,19.86778508037176,20.675652747371362,20.28096984498283,18.808529039900645,20.038357012517213,21.86339851122833,19.313213056893826,20.992687872449036,19.93030201369634,20.11207897594394,19.7506040468629,19.222701650984998
20.4306765929735,16.886237756909686,18.72758760139988,18.95550653723386,20.11403500696099,18.832253474297318,20.90683315043112,18.820882950393703,19.120099195960798,19.058074772057328,19.548521106950936,21.041241659752234,18.540931235818302,19.181853047129795,19.308359107182792,20.17485394184949,18.497077515023346,20.58959313877755,19.257255707142974,21.06412732770816,21.814190478040373,19.875376245184018,25.034707962797707,21.347141806169315,19.608520200338493,20.179392531533686,19.913583232013128,19.89397816927506,20.197075916815923,19.00828168109929,20.482643438881595,19.376544709981175,18.600223479392742,19.46681686360119,19.395110179558017,20.114203092319492,19.92568225134486,19.791740654295072,19.658954429954896,20.34965832066267,19.795311246416702,19.8623091912301,20.06967259994827,20.119314337141326,19.95946487420355,19.34440708096108,20.432102494892,20.32573341185452,18.986019958796035,21.62850986841966,19.600045762743008,19.879759126737255,22.49769126642091,22.320983555179545,19.529282523607247,20.54789323708066,17.809894454509248,20.286357474942022,20.943723260691392,23.16467654761464,21.14686289719362,20.532509640404914,21.539725031731322,19.538017091735465,21.099311672506914,19.248908064007924,20.323064080319256,18.871637730343394,18.909745337979068,18.63683895515597,22.670403979696125,19.54128686064515,22.56441424948729,19.70269005721317,19.10865762674999,19.064138585978924,20.38465646030453,20.058567461248483,20.247554210051163,20.835938118644382,20.51014535007808,20.367361538119052,20.62689710075024,19.9408109530912,21.54153761311623,19.954740963628158,17.116361865102395,20.591350611515647,20.50501152633277,19.57431534590415,19.549787558337677,20.499020797311225,19.90605114735464,19.66038712914901,18.730638236680687,19.708617234549436,20.47832225401978,19.538120853544932,20.824903580613213,18.623956182441148,19.985928470533903,19.67707057861664,20.90131418085038,19.959149576170784,19.68965984441803,19.752691129767594,20.600522105975728,20.574183973920253,20.129203767096136,19.727824903438748,20.643608764346666,19.50858511618379,19.907706990576838,19.62005168821974,19.76955734750301,20.0830852897632,19.001635241657453,18.57622159781027,19.37983163400828,20.153140586718486,18.92930305455962,19.776051308256136,19.144547907822584,19.502231337881163,20.114342327678617,20.31028727925429,20.127093884742408,19.732051342246585,18.91958281113426,21.561306150797108,20.09409091482327,19.83859371248431,19.883715977158015,22.716820331815132,19.88605313639883,19.617398219222892,19.601272894577075,20.355341550414714,20.037433045625587,19.656308128342918
19.268614048621004,18.29292838461942,19.423475513105956,19.10381633138883,21.395470254592606,19.264335347998212,21.342739167145115,16.47477870940113,21.646020976777688,18.566592049296126,19.448796481082837,20.99642650058096,18.573227222567475,19.25559904942763,19.329683783934826,18.871547783131103,20.68655820921666,17.947298132432113,21.471460494079864,20.643533318101685,21.315712146500765,19.78801426168422,25.57989607486277,21.712101684422144,19.799515701270035,20.082582652013052,19.777579163173684,20.520302793025056,20.9708024491494,18.410173770609102,22.638291216794396,18.70514569210152,19.493422526112695,19.785978455308033,19.43611744099969,19.95234808795382,20.36928001401536,19.652039286536706,19.146931367239326,19.88439090318794,19.584114479203127,19.442384955621872,19.48287229570461,19.940184231230006,19.619143376408584,18.87828501155032,19.677378209995847,20.711501416796207,17.240311787745835,19.823503105989708,19.60982599173573,20.830819543706397,21.90803643694423,18.80367147811986,20.153430429161006,21.614437042917967,17.732615776330114,20.572691792947307,21.202861630247025,18.275339348325222,20.73409979161643,20.03369898103711,21.080965827430937,19.885260569857174,19.52217788180524,20.58667902536638,19.75861596005677,18.05719910779111,19.250822016760246,17.680690264219592,23.170822877112002,17.935997186458106,22.190541134556614,19.411791545418804,18.312610870484654,18.3079106038815,19.92613296973938,20.11049560986203,19.482138708883806,20.485598772959804,19.958247094159635,19.808917337764615,19.85630797691882,20.284422963409018,20.34634137609743,20.023694312830923,19.887432512074255,20.32604053770476,20.171526248576857,20.337851139013182,19.994093869915176,19.30962390001376,19.74760360207707,20.298546195576332,19.28059586511676,19.552983939161585,20.26420690219464,20.235563796948682,20.431513298917057,19.75358077483837,20.233509814343513,19.73327533884345,20.080299648564523,20.456850553873746,19.587713262294344,20.697820325450156,18.914389334739006,20.538127538421122,21.083786405450986,21.475671749771614,20.270202117285955,19.37018308417179,19.71871554417014,19.735147451297344,21.14307928351793,19.87493892148424,19.34864185851991,19.12635072828007,19.905838932933307,20.142275730321376,18.561784352901434,19.521882466187865,19.129501458977398,18.808422172240153,20.356592991927062,20.425453381355798,20.931660950659744,20.29012868476503,19.80240893777536,21.36128654032184,20.481305948647407,20.281233815111584,20.025241861224977,23.454006307074344,19.295622089585258,19.297978909936152,19.878533451238866,20.653020157609514,19.517324879794344,18.78897313434076
20.655585946426005,20.311531476665323,19.94319320306152,19.20315330866209,22.252290492390454,20.048222613200412,20.619564602517414,18.456902757854596,19.102589007687648,19.499734630721157,21.65800719787025,21.407466371476257,19.14807154242817,19.057909909505256,21.250085904873092,19.521427304924334,19.00205028061453,19.585415731012105,19.282416198304077,19.596250168200566,22.232662937847575,19.449349855512583,24.684064296235157,21.806938167166447,19.476283654522323,20.220559614378825,19.79267081007779,21.07975101535557,21.504824016716604,18.66072093895523,21.44047201478899,19.442382623954746,20.660188861396016,19.70500987551137,19.331852000912505,20.026059888547547,20.038630343041707,19.90604582877583,19.886787611037757,20.30096677803369,19.256035487889807,20.034802095385807,19.914851687720642,19.98700248649255,19.857267489049566,19.18541469638102,20.44457415798638,20.262297316753536,17.46046860138259,18.552795879126805,20.338865350526344,18.701570427704294,23.57406065672144,20.613557420250338,19.265175625768293,20.826069316407036,17.992790049183224,19.657301592423064,20.861710854723682,18.68190221368574,21.546221487051632,20.498778805844218,21.15967870077764,20.483986394568426,20.50068214530479,20.165432863866247,20.42974579822265,18.52986242147376,19.94031072050948,18.580718634591918,19.933509421717336,18.952678020687777,21.95959047227442,19.580155011157363,19.173256260731996,19.10634514489498,20.619037319676565,19.579618212571035,19.326058693795613,20.292658712274694,19.593418494759945,20.941113289497906,19.71145341369865,20.01513931140326,20.080561771791036,19.71729111099542,18.97478466805392,20.530463234474965,20.645475401658963,19.00490819777593,19.575593522784324,20.00492903146853,19.87752677758835,19.996862821786404,18.27026781990533,19.278169913952613,20.361726797618648,21.103393574785592,20.8037657896743,19.567796854193563,20.15798116061652,19.637821587591315,20.442555559782036,20.31142869752723,19.694603069388798,20.29655164301219,18.74211394562362,20.300873321530677,19.267747309199763,21.230162536860956,19.846993858121504,19.62437578050934,19.86987876620435,19.848721319837704,19.966066350707845,19.75059307330056,20.061550558875954,19.53325555343968,20.203809878494972,20.729966954961412,18.651118149701247,19.83057926619573,19.406435263619176,20.679038108872252,20.095823571587836,19.832569283117195,19.913464383346785,19.334737472043532,20.29527851457405,21.29371364407168,20.54082814767635,20.301730688597125,20.18293874434534,21.097535617376444,19.36066227021279,20.720105079179252,19.444841371779255,21.49251519599805,19.324043621088588,18.936006048085297
19.68673044855606,16.92446150729654,21.291240904545774,17.933038710625688,20.867967019933822,18.327543439694903,21.05300991797506,17.771216560753285,21.331274516612417,18.98673761462263,22.44955374130469,21.178418862822127,19.444364799887754,19.34445972368889,23.51525515631768,19.555344035464834,18.972712815120175,18.839136134558395,19.71587862298132,19.26504227442084,21.13169599998558,18.339464055473137,26.159074600721535,20.971471696820117,19.555488668688103,20.493665641960952,19.752890903706533,21.726968642690977,20.930372998453773,19.008650901751484,20.31551840976188,18.658030680279623,20.672856418370863,19.913713617012295,19.642568409349696,19.959746099597968,20.17526329856173,19.348872224668142,19.630418087469597,20.09401183837444,19.772009590242703,18.32976536195549,19.60919921972159,20.24691242945651,19.75917850623603,19.572837710969644,20.00306409798229,19.93366870730147,18.226645144035803,20.1753324019365,22.782487829147474,20.40308572955484,22.95252674939927,19.247814410245397,19.449962999724963,20.781122585012113,18.087550819968815,21.232353022064395,20.677831001167597,20.100257578214485,20.88388565764693,21.269900436868692,20.662323484540465,20.282674380183433,19.951328947046047,19.41387620061393,20.208627040826883,18.431392811853687,19.17544221088724,19.233066754320884,21.1637829031722,20.408985079624784,22.769475419586268,19.605077445144698,19.119939685531193,18.64966731002357,20.047275044898893,20.296033843625708,20.689781590422562,20.747225850277776,19.914398380799586,20.85065649961188,20.30025099461448,20.485247306409846,19.83722114866092,19.72667078713385,19.037448904138312,20.99128957903145,21.15033585237402,19.670900974928564,19.95062320742292,20.079754065433885,19.804580975744877,19.77582561960788,18.463044709613087,19.6808042004889,21.081630460324078,20.552671372674244,20.6658102905844,19.526409463172172,20.153074512121936,20.020772747453115,20.719622772698028,20.20358102106433,19.95716717117085,19.42435385693315,18.850550000743233,20.38168634996574,20.006136584611824,22.200320054318976,19.898564150779027,19.264864049170036,20.530818860225164,19.235683803929263,20.318106091209486,19.632183503578013,20.651434548803813,19.202332006874663,19.912696766876458,20.64073277987728,18.234561251568334,19.97225545527568,19.19751476892468,19.50256372778679,20.682403718198053,21.17781088452281,20.527880219819256,19.6430998235847,17.77915403409233,21.279822505396954,20.04734295056178,19.04536307088538,20.962816720119932,20.768263500406455,19.451058890358713,20.28255195615627,19.45989812736461,20.828662097604138,18.92288969599619,19.268933159307977
20.6302156595867,20.460960011138383,19.890574895100507,18.72681130109409,21.10081644383839,19.82315817701386,20.827539461510753,17.19914188019922,20.203884824183454,19.349825413720204,20.363489303231336,21.17762854216351,18.506088199369636,19.86048379186987,19.172687777873307,20.220026852896495,20.596077873832666,18.09503102648297,20.95058732450882,20.56904397620109,20.992246916224214,19.790685661360598,25.599010229721618,21.23417480300418,19.969670252626212,21.377498020554768,19.59777332398444,21.38485565920142,21.04876090790298,17.963383878863876,22.40037276920925,19.93073668684571,20.08322129755416,19.369989243689986,19.600321959312286,19.801059664347733,19.89247966006934,18.85814241148511,20.4403554951061,20.077611971050207,19.269140058012862,19.92393049639729,20.040867593666913,20.055997263075284,19.828563100949726,19.619756168630975,20.131325302551915,20.810061571799114,17.562125677358576,19.620648462927782,22.02203751476277,21.639321742925038,21.16241482345069,21.170449354347383,19.91940650196228,20.743888957159292,17.69028028827613,19.685770807316572,20.70858427308177,21.06634224636699,20.823514500691985,20.271160143917374,21.324583947322193,20.086174841466494,20.17278238647336,21.540620217938958,20.421226431201934,19.059702648985123,19.413179940598763,18.97115797183803,21.755950383609292,18.40227759032374,22.94017194983132,19.90745088595907,18.4560581518656,18.96136787521207,19.955979619853483,20.653900787491413,20.34785921110731,20.052379300776714,20.118492302184023,20.217409028074865,20.439856291400407,19.62138158459804,20.37751121168717,19.991113932993997,20.48755398084489,20.91002291490545,19.95098632773484,20.611259325172952,20.12475604036234,19.627003017371468,19.79595428673193,19.81035512108718,18.439160651516755,18.66589356017204,19.738856514133293,19.27430399403568,21.016015664739623,19.362724887403065,20.091270649952943,19.815132803130318,21.473995141149313,19.98803925970509,20.948767555415106,20.01342788436047,19.568615363327645,21.226041353092242,19.752018877958538,22.61806495346397,19.452014578400895,20.856966919729807,20.226247028512176,19.69333863185171,18.761082338279323,19.844618736602328,19.825802613987637,19.111968920395793,19.759390834044883,20.04196581563539,19.536839023473316,20.416374214694397,19.794881401738746,18.87947057892839,20.466671989500554,19.894519007519246,19.728491139008362,20.60655955039189,19.356269647608087,21.298637510835484,20.271254377644365,19.95760128445292,20.184253997850316,21.693075006684765,19.69339030960025,19.970452896985723,19.706531121058923,21.271867532738636,19.314015722829797,18.413164729158094
20.271271841282555,17.371025896869824,18.761759092322567,18.396027235751152,21.89866682074318,19.437799846063005,21.427059524582027,19.409160400756125,19.337702026053357,20.567779184074716,18.776652592902117,21.222898893084935,18.704635202086244,18.752212716334526,18.82773634947301,20.10577829371344,20.554886354424266,19.50546246410399,22.536211507279887,21.870192936624147,22.31175385044291,18.854906570234775,26.264144136600176,20.40605925512727,19.596135182570546,20.187387325549903,19.813308831939384,22.15015169193163,19.788421415761114,18.90277051352946,21.86629268152638,18.909575679525755,18.213537764159707,19.537818636448836,19.710385018422542,19.571284139685993,20.173357644191547,19.772072105064847,19.521202339176625,19.728434239387184,19.257915250487848,18.841979635300984,19.939183610693377,19.922293967587915,19.713203788954683,19.24351266474942,18.753457145378658,19.949406244867525,18.111579155258045,21.216788841298136,20.29310100354461,20.066225715901194,22.81519602374441,20.416477946433616,19.007305544418013,20.308455298764734,18.141446156602193,20.7776390589716,20.69845463800865,20.742847837935102,20.979312122766824,21.765347292969828,20.04412983073097,20.189959518086805,20.793290769905127,19.898833971758194,20.30101178913741,18.922712510472845,18.95628818366606,18.071105012740162,20.890709238939586,18.97213504296277,22.06894137562911,19.39418400984245,17.725372229732002,19.920698190683687,19.714914800442205,19.86694807405548,19.77223723040019,20.76467668579233,19.306112646626488,20.427636134162352,19.609087219932974,19.759018796605567,21.620243419659687,19.6445228783208,19.38861295160348,20.529902698488716,20.11572544868434,19.908583418461657,19.64067000393187,20.174761302834746,19.95206561735554,18.769274855317317,18.476200975410368,19.50696037460036,19.846123382203952,19.95184004177853,21.051761627314736,20.1756026894299,19.985233998459933,19.56867517673118,20.253549267552085,19.766830464847725,20.136589146514606,19.98630653274188,19.769992840560672,20.254601553836668,19.94877098331164,22.276806398681764,19.972239609269543,19.969821171910624,19.55154761473062,20.01031641882003,20.852723516141843,20.33959347390228,19.543833999624997,19.051775225595772,20.660498758120465,20.50686942803456,19.020158370414673,19.549955385138066,19.559592628254034,18.72939657076177,20.58024238656136,20.63221991615476,19.376025658736662,20.128421884354474,19.63940978423256,21.581563989265437,20.260924730154724,20.339599605065697,20.917804718474393,22.315275634182086,19.76719498027961,20.0577894554956,19.723258278332697,20.86059968135583,19.477034810930363,18.97917344676305
19.219804597973294,18.174322322174465,20.27341188026773,19.22731743582435,20.87236342400691,19.71218643453538,21.043261545183096,19.927154552108682,21.32603487038181,18.65474386659276,20.347968541342805,21.258719693298374,19.59277430580904,20.269697372941256,21.05360792687082,19.938641621761636,21.01426891071586,18.94317478812662,21.32664965005017,19.14923487338456,22.65311744702099,19.54392327008935,24.311159970367488,20.659312377072325,19.637245192849946,20.561874109812663,19.798562064433337,21.389038693951793,21.331067588271836,18.353421310621385,22.30720453871529,19.139805580329067,19.083375619756513,19.816547709612085,19.203842096979134,19.53567996644155,20.11674087373873,19.33392425790299,18.45784878223181,20.166266544193775,19.54538246300011,20.363178312950435,19.827208934930617,20.33478924856377,19.746041217519142,19.853632378389154,19.62845383676716,19.926205232113276,17.784783132401003,19.46515748556993,19.984624990817668,20.394744806266115,22.957490576528784,19.056843829443757,20.82913730792165,20.133323021529076,18.493206490597547,19.842654586526393,21.128811656468812,20.367746361928585,21.044004679887635,20.054569379067875,20.900176378863158,19.77675154461348,20.938674517855347,20.2720220589045,20.55962407077774,17.868169176717146,19.986736964993774,18.489919303703637,20.397426457677046,19.69421231634685,20.935707427220787,19.91892168659426,19.023808917343583,19.322419465257042,20.474611382576658,19.741173368751873,19.28460545299222,20.12422044839884,20.27819701293011,19.781499976529812,19.23063833324354,20.07815603359947,20.021103992398224,20.0745754366547,18.182470738421546,21.0022632273283,20.79930240603069,19.500752311916848,19.909128990766103,19.50934473658762,19.655419704057966,20.696728606014233,18.353239906762916,19.039440432654906,20.58617300578632,20.228588094193704,21.136277436700276,19.979403545897572,20.098976145905947,19.524584275604237,20.392626589344797,19.610864776614452,20.481175991522754,19.402062211356437,19.551296954756065,19.386302643211433,20.328702079545806,21.191314419093057,19.844484862384423,19.385473149714368,19.368958408396093,19.899262052023158,21.471227567727496,20.043628315372615,18.386951493244155,19.008436766856207,18.66150701844922,20.526072801703933,18.434242223028576,20.653405625966112,19.41693423763961,20.542048289525958,20.05186193418683,19.556627649048014,20.106528055461464,20.076941442402152,19.770302361785095,20.951282368056724,20.126390402507838,19.086649312822463,19.615647465851218,22.390039620585792,19.734970169230248,20.47740757890604,19.677065484991786,21.494255846770372,19.794652226803084,18.684132918814235
20.99815483256498,20.394793255758003,19.48377030426598,17.879148207372378,21.654312619519832,19.361453388286044,20.53773144117246,17.47414986567276,20.932639283637354,18.991991512762173,19.00909281090205,21.317418874810013,18.12302127203357,18.15389904771263,22.541078983455158,19.142573175631327,20.237207670236085,19.496428942263822,20.973853661124586,20.196643993899876,21.99246684683733,19.568035105221306,25.30388666869878,20.90929416504528,19.679115734884007,20.676824049661644,19.902151412388438,20.56854571971325,20.518590226192497,19.309835755486706,21.925666721293663,19.445965552888836,19.264991293878207,19.99136442492408,19.326017531688198,19.216819910421084,20.354007896028325,19.483276197677196,20.214212945154294,19.515863716411783,19.807297621403873,19.7391756974839,19.86844088801833,20.30193489296093,19.671011959234395,19.560436836258496,19.549257331472784,20.85891602354609,17.607719150626107,18.610530719436046,20.30216604865314,19.79391651741066,20.4371611799689,20.555277056622366,19.79140940940328,19.965190351112376,17.407715749576127,19.508977428769512,20.656766339726087,22.814677078429632,21.139528837712785,20.65189612259245,21.900330292969002,20.380967065078618,19.172206391917598,19.329443256881135,20.52392950491884,18.181673676266055,19.123834198008716,18.692186930593348,21.008427167409007,19.581511281262266,22.571837169419773,19.503991143665043,18.84274666636972,19.28410093055469,20.168806646815256,19.412534937365187,19.768645201392435,20.37892774746225,20.058512683829242,20.585688809578897,19.744591792615942,19.867922434164324,19.89069916401306,20.017539975158943,19.42024967715926,20.62115680146922,19.749511333233936,19.556766743147985,19.824031742823433,20.083977507989555,19.999616011101917,19.805705873304326,19.157858169289607,19.210489987762703,20.182424750577137,20.573774721939902,20.287296269138043,20.527360575057042,20.502155612813944,19.626787108750325,20.36691976636969,19.480096039025998,19.95034588219073,20.496666880872077,19.249831680160796,19.613407862705767,19.90980538471614,20.838916913985692,20.519303855511776,19.381488728399784,20.806171747647884,19.434556137332034,20.034862132153982,20.562639769414762,18.428808912278065,18.762329829719974,19.857269868759644,20.68575067569914,18.955693270654173,19.968443689738752,19.498784489247676,19.029469951870226,20.090269193194253,19.93263516834148,18.7269632242353,19.89943960384093,19.096324481840696,21.192324672126205,20.40484096101331,19.330593424008224,19.773638325453316,23.02638234555647,19.573666851854533,20.242083359260654,19.973871694745704,20.853570485690476,19.086730072113998,17.985671065848262
19.50839295494999,20.02829489501199,20.8061842374015,21.056608347206797,20.694637400496333,19.19880876440474,20.483416726120712,20.23021529939127,21.486624687682145,19.953908423950306,21.368854599321978,21.28777995175731,18.83621884292326,18.36979441688649,16.864846418061916,18.985417496188628,21.388545042446953,19.486597396725116,22.73900819637569,19.176727036094697,21.742130423030385,19.08838252246375,25.46030618137686,21.03170459428221,19.407605937897998,20.719360446664812,19.778904504157335,22.19082586750263,20.746129907256602,20.25967377182098,22.423273100236795,19.81478390336158,19.04718178869853,19.553205841394874,19.511329085312745,20.0620481041576,19.422100541166852,19.670331461791633,19.745834652616523,19.830822564190647,19.677949599264007,19.28866547503908,19.76773812992415,20.06819957807539,19.6032407747437,18.442566343007456,19.893802627152528,20.685116451125786,17.12766842078184,20.76983495285321,18.47662267029488,20.579360366957374,23.689820635673836,19.966536081543797,20.16783576620171,20.107607579825547,18.52999180214008,20.735557803689723,20.654032158520256,21.287194162181116,21.200796624562926,21.528826034164528,21.25784955634107,20.489715193501393,20.39424614519895,19.636785359383076,20.266794597815956,18.589058632312366,19.438330410388005,18.354818435615826,21.251406431915477,19.336904409342768,22.179743140107888,20.004155377662066,17.26829721187952,17.913395599193038,20.00987667474481,19.851212071107568,20.160824650762713,20.481538479218827,20.857477704948533,19.465372068404555,21.38243236963446,20.04671266600775,21.94464955876864,19.959028702271965,17.42104904413878,20.73544024071985,20.278199348197244,19.40481548237116,20.09663380894852,19.842572908331,19.776243279712073,19.5779326554767,19.04309511190414,19.42150328701992,19.593090167574456,21.52645983696652,20.39844144736943,20.31104198564861,20.279032065556923,20.456597147476344,21.2298676155718,19.56809269700664,19.611769661258595,19.740391056678018,19.809957986632714,20.11513992279987,19.658704474762093,20.484017483462853,19.90607519118813,19.482969697007526,19.941250135303328,19.644722894392206,21.48241454493985,19.833956966481587,19.79383370471559,19.0519184663241,20.129531358861627,20.421513994910093,17.988607638663954,20.166826951826813,19.143530023274522,18.57824494589599,20.36075400712069,21.122197722938864,20.28914182803625,20.21829524627279,19.850941535669314,20.614644181351917,20.490719190814836,19.3216873290843,20.656602069993056,21.94930297199027,19.78993705000658,21.170399487245216,19.39747599578975,19.514666956155633,19.24504501571062,19.68918346892198
20.445603568281218,19.75161760934478,20.657233303186004,19.38543099942752,20.61958129010966,18.586563049437604,20.836064998077862,19.32997127487255,20.557306954849004,20.94832698231141,19.959207316534105,21.42673225198588,19.382602628447117,19.683088852128538,18.400216828125114,20.213652991465768,21.004072711490743,18.10451264721318,20.61890721070865,20.913217021273095,21.414768968036938,19.354699390806037,27.30314389250329,21.425687700034473,19.739791787536078,20.144962708156942,20.04263170074301,21.265450051856128,19.26514414498255,19.28098955728189,21.1529622846483,19.564077729911087,19.32941671217619,19.690888852707126,19.510729843771916,19.730850318577133,20.117954318023298,19.220360128657216,20.41351556438424,20.692730236567094,19.186718266763222,20.110528518154428,19.508269518619933,20.088155432171927,19.414085777558356,19.652270963185323,20.02054145277091,20.186986299515432,18.145664611707723,19.94092542477004,21.580315307049474,19.647807558657128,20.51560719169402,18.11240384143694,19.512892252681823,20.335592040187127,17.94551888330217,20.325117233353176,20.79794541850757,21.289649939837055,20.96078801648888,20.23942229720854,20.616122722324565,21.216705032633303,20.002837985721175,19.16842745829434,20.35709662511798,18.66739695241532,18.962421045879026,17.51209653197487,20.659701163054347,17.957710561996752,22.096284253217213,19.786101276310607,18.617760316155817,19.332088240508295,19.983017922982384,20.347489928368574,20.433246113370416,20.460098188115133,19.941512379213986,20.604316445581844,20.76749043065656,19.805086689010807,18.60393669374677,20.220595102356413,18.941127132674822,20.572312517802597,20.17414216936406,18.898959206338983,20.025955000887144,19.751460575585828,19.817071680257172,19.520637271980505,18.455321233581135,19.715608338302584,20.56457199341751,20.048222987791647,20.491313790743806,18.943451481344603,20.563170620675862,20.13507393499471,21.890213778280895,19.712499110297756,20.587866439818743,19.345042637856867,20.412352971098354,20.27444873106004,18.914225959536232,20.538418467835918,20.310335831722792,19.243089842034674,20.081504783571383,19.865598810396474,20.394087627636065,19.45054463535699,19.009087592559716,18.800732432453657,20.41572002025422,20.391429590062184,18.52752401117814,20.196679516864332,19.254944870992507,18.90427568152129,19.625816287881065,20.964097880467286,19.25514748719525,19.936402604455292,19.003964594929112,20.10022871201227,20.10481924285871,18.377309022826438,20.710499248271528,22.690586179755655,20.129795503459686,20.219334702919166,19.974720472304377,21.68169483087037,19.175121629747125,18.34554493641045
18.28981150972457,19.426942924135144,21.075032974204692,18.822026478921295,22.164407606614347,19.712862908468775,20.861346508319816,18.99802588241868,21.065989238394046,20.274513014203634,19.76467653889316,21.30203529165276,20.66837776942929,18.608655731164717,25.805820017962137,20.110635714707193,20.142259757190455,19.80629409174691,20.62983680651291,19.55849169763829,21.892466837979008,19.360472968119282,25.11797316527358,20.96468512832702,19.606521069444636,20.140502788143944,19.741215245711118,20.7890232400915,21.07140131007099,17.905896785245098,18.95081574165798,17.996316761854807,17.296138613576787,19.705897014551628,19.319772834710722,19.485695305372776,20.154157269856594,19.18344656023579,19.55437467980766,19.957055401667482,19.101701622658148,19.72469007103037,19.893584427514597,19.95711943482859,20.04221942494692,19.780786368929896,20.318155578181386,20.204916151319807,17.505017768771445,20.64332545996734,20.471852250689206,18.90674066232816,23.31858810171009,19.694776267652543,19.380919997159648,20.54689067465063,18.42734327470069,19.94665333969109,20.639882519326104,21.67468453061791,20.87990186396532,21.195450604050677,20.75316994685338,20.33776066854358,20.06821093016816,17.729710702918688,20.49159353321211,19.408968024210132,19.57569414330062,17.887920180229507,22.541078996037704,19.40828091327947,22.277476823968964,18.895992380901827,17.646491960904278,18.948768537386677,20.045470514599963,20.0075506363383,19.104797303027166,20.53651104529889,20.456609809836237,20.028408517975983,20.602338523627925,19.874589776205138,20.50722691548104,19.683086363779744,19.87754880180631,20.46471222993519,20.615664924776276,20.48158860754961,19.56604556920477,19.56186526285072,19.906587412843496,20.10289500679709,18.28637047155786,18.619851081218766,20.325684977367292,21.00661010424146,21.005915062122803,18.871512673546576,20.492530453743456,19.831640133323322,21.276918582956238,19.597392904446988,19.531039126029523,20.19715325731138,19.350011435769435,19.50680392403988,18.772903843933687,21.912713569274647,19.92397618007324,20.103927677854458,20.5321470538776,19.887359582336774,20.40456113146469,21.187877032685055,21.151086010576343,19.516262899482278,20.319899621502717,20.633015169674493,19.189529544038283,19.889531817959625,19.563017696015386,19.060639495478217,20.737608168060063,20.258495802682674,20.20067968274785,20.149803623181445,19.248027330671995,20.914162497431008,20.35771745148107,18.652727455562573,19.457043183398397,20.870911061049483,19.46376571443842,19.925449063747056,19.345775526055377,20.699297533327403,19.15398420095635,18.879828956328506
18.868631451483292,20.117218522212394,21.210250351738274,18.35476792721083,20.200678051583232,18.897143670282407,20.784647964571903,18.903710257097195,19.24675084561484,19.433586068667523,19.752334627951683,21.319119764914536,18.176491390539667,19.395738868272456,18.81145151326301,20.76686397892965,19.685055080066846,19.375289384588992,19.153671984177482,19.67557486372281,22.146670389067754,17.718611887102472,25.11793892336764,20.57987316047817,19.306182255513676,20.063692363225183,19.986277455510766,21.15989705564364,20.173396313407057,19.00000923000788,21.47184114787543,19.250063303038363,18.523820283161136,19.912600356248532,19.302970563280255,19.700620681211966,19.89111288213767,19.08517962735296,18.762519246359098,20.759227440386375,19.39981538396016,18.586655386982514,20.061566426621237,20.123122153323127,19.717439642625443,20.166619055115785,19.934180054697862,20.596378061244582,17.825402070802628,19.908436016058786,19.50727133677321,20.943969466119455,22.244059640513548,19.205919235848636,20.927944370933584,21.464987972358067,18.998974369307255,20.306483130489678,20.84902762720224,20.716259811619462,21.167697423412957,19.93412438891507,21.717303511126527,20.311670849154414,20.490140067125587,21.12765605660121,20.71803100764193,18.33001002508565,18.78557216078064,18.71290338279748,20.675994709004108,18.697678341551136,21.172841303331445,18.880230812696013,18.138382420122753,19.43702714487968,20.25031992576151,19.887530051944974,18.62969562244735,20.659639641651584,21.046785823842878,19.960143698402515,21.148583191094172,19.418776595839166,19.71673727825058,19.968605588427625,19.949039058740357,20.762336554678747,20.53673957116535,19.92224493859718,19.55631301896584,19.730332644631897,19.68266463257288,20.34829820871195,19.135172322439846,19.78805146505637,21.181707966708895,20.056013013964737,20.78013833664768,19.088770066301514,19.817450145724983,19.534094494034424,21.122376395056868,19.62684201807087,20.34256686311506,20.174132403071013,20.686269090393264,20.67912378466294,19.39596235732709,22.97099813018076,20.215405276846322,19.098759136954122,20.12756272373535,19.596039372411283,21.21829565415941,21.344262985089333,20.818499655104812,19.19720644336417,20.128300425495105,20.34943576122387,18.903098951918405,20.217030923934413,18.985022730383864,20.032822063265442,19.95852830773697,19.292335527274485,20.00828621981852,19.85920900935485,19.57110350529438,20.580355915853527,20.042882151305047,19.904618246420057,20.510462849843456,21.983636567523398,19.879945413031084,19.725440634903546,19.99065274033382,21.705683516370545,19.27233233813177,19.18182296984622
20.438554500234343,20.80304709237246,20.944878690510816,18.69373524753312,21.031860255015125,19.483026245010183,20.709996767126796,18.11702509102482,22.569026246843755,19.57648323827898,17.98614472937274,21.262343537244465,19.05243884229119,19.953829021481976,24.276281031553946,19.440492803549084,20.433223038704593,18.928562129299888,20.32143799146925,20.686759738916557,21.37925809664347,20.002611712113733,24.939615059144263,20.81736040371941,19.64981317340743,20.451920508709627,20.002105819100944,20.592387830138943,19.697776101733456,18.789691225693172,20.087823825126215,19.006600914472653,19.475982787689414,19.599860079293848,19.95690112417813,19.476707641252016,20.416124877627126,18.953723158524056,20.29972573743019,20.18394095021175,19.621489331232535,19.454306043390236,20.187947792263174,20.171705060286094,20.04784650528101,19.466753964697656,19.958613933167225,20.427644932620034,17.911179308107002,18.702514641496226,19.942068285018305,19.625631292131853,23.657085783035683,17.884576273531035,20.60003341481523,21.9069526492428,18.728433614786105,20.421038903556255,20.85752992657206,19.829019665161233,21.600130603831836,21.28637155975106,20.81542676783736,20.49542012530067,19.624286658488714,21.066947000485712,20.508635184957928,18.622616108301493,19.155415595237734,18.049158392588023,22.57379727218178,18.85183958446832,19.973467269353254,19.52106794140165,18.622466801933523,19.292824424676468,19.83461905712769,20.001541513357886,18.209903219625797,19.892202794796503,19.648906932201495,20.488564026168774,21.643386243158858,19.750006830890396,20.1290134395031,19.92798899976829,19.594874456332334,20.876991707014483,20.492125177948584,19.877694227666982,20.051971677669552,19.57625886502725,19.886583629809728,19.187238072117122,18.8168556306638,19.30466927931213,20.198690593601917,18.66832465500759,20.738810669402582,20.24114628102227,19.930892471876398,20.366833428418584,21.001768975465016,20.264306031040984,20.42342328753286,20.2089198156033,19.191628626589637,20.765217883357305,19.380150952864106,20.859408151386152,20.237740049219276,19.16613397180408,20.902766621960676,19.59787388066532,20.652335968246962,20.236200489196563,19.052982058968354,19.50019463021121,19.066903731746844,20.203435076259662,18.971886223204166,20.48258163355977,19.263822735307603,17.593448535215902,20.18856734048163,20.68437809873875,20.10941278108927,19.770928855411686,19.33542542697865,20.5594452125894,20.596856988697553,19.884394057081,20.192976738626644,21.304139360697615,19.99304707081309,19.99408245074156,19.895034747845127,19.911012930241565,19.754374512055968,19.0492593085184
19.445334457524904,17.515782119491714,19.162076063600587,18.379136898722933,21.251280121704323,20.501003857849906,21.04707731135369,18.86506761822734,18.72915583157619,19.81954314453787,21.199861767824572,21.214460308043435,18.38243325151363,18.48373091744374,20.36433938305639,19.84461664968284,19.888127185742157,17.570770166380832,21.01270989090371,20.845024190069118,21.26456108122707,20.07126087347793,24.8882561730305,20.507377316236425,19.531317880416477,21.26234279884778,19.42256873184707,20.994522058006005,21.478826725772137,19.463258919911397,22.758809653964448,18.899783602041648,19.750271175966137,19.53952785619273,19.706903135417477,20.222216736434277,19.409840902879704,19.724546204021966,19.859024937473237,19.90444852055312,19.370809835497045,19.70664624141733,19.823049507800537,20.15728443962618,19.75476813240566,19.121310043728297,20.237169475284393,21.357217693657056,16.539066034386646,21.080386084511073,20.975432153045716,19.501583443854788,23.333509764878258,20.414283466422226,20.097691810351073,20.721763605446164,16.71742666358384,18.97140134383428,20.93754328262277,19.414028132339535,20.47278690566689,20.116277656782103,21.5157997004628,19.59605230002974,20.082369331122592,21.471903404039107,20.111403417738217,18.586576956146125,18.577790596106418,17.903035223982762,21.608795502628567,20.004396488322254,21.97897481467272,20.10226984115662,17.36953267322701,19.344128490643328,19.820898565645862,20.374374768127687,18.90853939601444,21.03079054390314,20.24780964189896,20.499032036955256,21.285303218400575,19.82184899929526,20.34983632804326,19.85720588466802,19.783096447452586,20.617315770217928,20.26130555523968,18.759949334061837,19.911969386267454,19.22781558016967,19.893173953820224,20.355066802611752,18.907184328108396,19.04767348247075,20.6376144066566,21.168291084946866,21.24832888234612,19.966784327581344,19.99347420384262,19.518119497368954,20.785020631245533,19.769405395046142,20.56585577977137,19.775934061224397,21.090488336948475,20.742681653637757,19.89701963046078,20.88963058777975,19.961494440527556,19.0746434058913,20.118428840708226,19.62950954760144,18.929843993423,19.60396148293928,19.259311665593152,19.611109983245818,20.11958442847283,20.852828824200984,19.3397547523716,20.246112494212216,19.427573441442334,19.577864178705827,19.80118053898832,20.0196449270724,19.041983127102917,20.056994579771565,19.647101722076908,20.597797333452668,20.605152354370084,18.51108810512505,19.87182770687435,23.353874573754045,19.37690186317547,21.153276958502435,19.884685377151765,22.22479854382896,19.667794355237834,19.505990700060885
18.673256544468117,22.087946292227972,20.793364540686703,19.023238939069635,22.792633059775717,19.761556118446283,20.62121595023037,17.46113384890816,18.679411796962967,20.618494466049608,20.479554964630818,20.92580883486783,18.28010841762384,17.360616102867255,22.58753575643966,20.37893752997814,19.49426311373016,20.18096631233492,19.496458298595993,21.242254374941556,20.969921127524145,18.641083646686543,25.363593412150443,20.993068638757233,19.572869712982097,19.71260234876626,19.52286563686038,20.745663018427155,21.151166872771867,19.586724736220237,21.934808773131756,19.437187775990633,20.307084488316534,19.68745219361218,19.491770448259697,19.423750207549975,19.856684209426447,19.849218967180544,20.058713936596707,20.202792040830325,19.422499160487977,19.687883336581347,19.97063765110516,20.108297637391665,19.447888576561677,19.044904057080384,20.116791834145836,19.860868524643642,17.19043755010424,20.67232849454593,19.541182518563062,18.708704669054757,22.999798949721548,21.573299918720075,21.315889219498164,21.439341206371417,18.242182837029837,20.210879635393056,20.935316673319218,21.844300846764817,21.321732831644585,19.71215340677918,21.616841139471795,20.164592208007445,20.453630913199394,19.21703331057587,20.442177678292097,18.674171272389124,18.935754224341707,18.256029208638825,22.596389664305118,19.254168626879085,20.891642526995373,20.75067464057655,18.996140937576413,19.44242731643765,19.988646430123325,20.478080425715213,18.740372846503224,20.465343573562652,19.91136765190169,20.669451453602903,19.883730995188102,20.21562387900975,19.810295920324265,20.009111253574762,18.966288767662448,21.105276171738662,20.446052294971203,19.6879838230139,19.704780405858312,19.523521312771816,19.404833919022117,20.115104551683533,19.1929754821012,19.182919203143108,20.27477622611516,21.969823368036415,20.65831848603757,20.127751599177035,20.138858492726012,19.540732769099133,20.926290141463827,19.935537326046653,20.606086546236916,19.89251429002265,18.816792652946464,20.431926631010082,19.311411291004973,21.10665278007261,20.053455985390602,19.64062811363961,19.74958202614039,19.73510204075394,19.273441416609955,20.58335860301336,19.92255949919217,18.400661288985223,20.620001949563417,20.75690126061466,18.694526845324365,20.476736655326874,19.348207541578553,20.29100352749964,20.099255658140315,20.447027543124886,20.57558163074493,19.822402922155064,18.89562427106409,21.63808272928465,20.1888555640202,19.8731434953475,20.621838566682328,19.037646544085213,19.539561164804923,20.384348006304027,19.660460605682488,21.38081691749484,19.38967203187247,18.943690219093956
19.670823452437254,18.286700841620664,18.959899045206576,19.2223792145076,20.171095569796936,20.33292384144097,20.4692648645621,18.631213863278717,20.796718428172483,19.645659804523724,20.239776989908332,20.979997409084476,19.376978761241755,20.262464206676096,22.616016489266,20.38169426317603,20.890278272538392,19.84197178385817,20.476360172490434,20.23791106623833,22.188744277465602,18.843759399882536,24.076674737458838,20.40980225245529,19.74142865045373,19.760533527636134,19.985220334406602,20.652937817958815,21.54315560053421,19.36936080118713,21.562420905274514,19.385018340737894,19.571874150413883,20.02440980148758,19.804792022086072,19.653754961186014,19.69876504847268,19.739788922042667,20.479841352948572,19.730329797080906,19.193335338456723,19.23341682377404,19.79287942567256,19.863493932414944,19.127226358072694,19.723083573111282,19.724101642599308,19.721342444382845,19.160696095240986,18.73182088218093,19.803704104210695,20.875302270204834,24.183404630411875,18.809716536611095,19.52068816621186,21.197392119289795,19.392831986669336,19.91478789327121,20.85500188238388,21.06175899672454,20.831792783223705,20.60172303739725,21.284577719637586,19.683286987611595,20.002138945425877,20.16695834233458,20.370409040137165,17.85846191424163,19.672709164382116,17.62437079491068,21.71254518813706,20.076822274581687,23.520035684113417,20.401661593262798,18.508997881139184,19.505258589096787,20.004842853885613,20.25150642450099,20.190557421496667,19.746463172789674,20.454927661129766,20.74377239892547,21.907033709924608,19.538617287156082,19.436612418454914,19.96370251145147,18.889399954925754,20.797293211709253,19.828038990001403,19.800685373159993,20.005259110170392,20.15767717100278,19.78699213497156,20.19329251416397,18.794942668849888,19.246937442677098,20.587150945073688,18.842273519316212,20.358488115208754,19.2078331501398,19.955591937968364,20.240981340871087,20.054444100439845,19.565983596266417,19.378955468168662,19.878543152900903,17.84879887081736,20.299799830937765,19.88612737703114,21.452865340931886,20.620863379150347,19.816680574775173,20.2613575670487,19.496295104380746,20.571278846837973,20.35565063022227,19.0662555449455,19.303614870917833,19.098817548990958,20.786939450867038,18.25640343300598,20.52380997420407,19.361835768565687,18.35855289240563,20.429594431773697,20.178965604681377,19.512036614887965,19.7905968771144,18.7547180973365,21.08862738054424,20.208928374162237,19.45645932719748,20.42054790164886,20.15097400006832,19.8110584974317,21.287404879513744,19.931788143036105,20.44226953731414,19.39015547421256,19.456132800330657
20.294671772943534,19.903606409416156,19.617802381343097,17.268712470090822,22.091457919548073,19.413926035254704,21.44694324650416,17.13051454037111,20.3340057209075,20.35896207529041,18.54633937125489,21.132800153170752,19.373965969623704,18.15266507214637,20.212051263338452,19.62125248785694,19.47395595785795,19.084116044227855,21.421576730095417,20.263160651272436,21.076112604517856,18.723852401494053,23.870278343720585,21.53738278394728,19.487090005084355,20.51959966337701,20.2047033004734,20.39138432749655,21.218221149731196,18.269954109492627,21.526634187828908,19.829118254266103,18.546519165372715,19.616012477180867,19.42780448414103,19.51082651499003,19.74116109257628,19.06783189890718,19.864701066891914,20.065256016078866,19.336009067815823,18.803754287341356,19.891224565083636,20.312010464839,19.501980392179917,19.03402067323171,19.368833000634655,21.21272212372581,17.137178965403642,19.973109750667838,20.47656401510305,19.141696457501556,23.8729990564261,22.013193962783607,19.70190278969829,21.21682313226164,17.423865751100124,19.903494142985338,20.786944327380525,21.86965647460168,21.09633638698626,20.730291030731067,21.174211614665587,20.536561099280746,20.25518648813524,20.518350938627453,20.30008634533117,18.48498370647614,19.53229501948455,17.76137620911029,22.448540361814356,17.98283709995349,21.16875343096311,19.245559004089113,18.46423837439623,19.424159134633424,20.048985384231408,20.132645390593233,19.910833514030784,20.57923394085254,19.589323046932105,19.933736368119366,19.66109321451783,19.905398677521795,20.546165916603613,20.054689638956475,20.108753593936118,20.468096865781384,20.6624841829326,19.55130418507838,20.054041873701326,19.025526136726302,19.834852517674467,19.290839835333262,18.351192597139526,19.929290718026007,20.400974674886378,19.65501083662523,20.392316547013248,19.702394094481612,19.708467256015414,19.98058595070476,21.89869860100295,19.531509472794774,19.99623037343999,20.804839814088854,19.208766660902707,21.002128824237783,20.746351340383985,21.94275048586941,20.226213862650315,19.391896789389975,20.23743287846638,19.889468469333174,19.484789018498834,19.868809060515535,19.022562984743164,19.04620365263231,21.566551097530848,20.4889316171714,19.009936876833315,20.250648404284004,19.4372775806818,18.365576875751152,19.826547561110495,19.547946155955795,20.745479376993387,19.880423835852383,19.046805073675408,21.173571687811297,20.303709667765833,18.550583294274226,18.641747864944122,23.30198361105678,19.739064200057744,21.32551567459671,19.53130159581624,20.809663080587065,20.133613311631233,19.474252270913322
21.14121190946884,18.606244892429828,19.51559124688064,18.308465930160597,20.77835353384413,19.042806478573844,21.099362695846555,20.133302705921402,21.3414903091458,19.107802010513325,20.409435466322122,20.943424592453802,18.62742369015758,19.540675994342454,22.18577284084178,19.276925210236218,20.451148664881213,19.92273511259273,19.67124027011523,19.312847742251098,20.599446494965278,19.821761478995843,25.245690222935128,21.63015321272525,19.715249420743906,20.073325351853626,19.887161969255008,21.437138185843942,21.336474982958503,17.3740546054641,21.960462495631834,18.885054543929716,19.327500641609948,19.884511035352432,19.470866125018414,19.322833556235135,20.417441770682125,20.44801524800338,19.69956117300249,20.106342161630014,20.10722734157217,19.334548920967638,19.56368301581902,20.04987458376148,19.50669982720343,19.36698271230478,19.824737390329528,20.937170943801075,18.142147037019825,20.061011126076917,21.84550063491638,20.143353992880563,22.469556109168305,20.858835798308185,21.053381667296243,21.072694077920133,17.860147677416695,20.29859932006992,20.965208836099148,19.765546443439682,20.965431786653607,21.272476158531916,20.876508099460732,20.62280369319058,20.534470680436154,20.757853810689422,20.492519485240393,18.717297196480004,19.545728743959785,18.828814871454576,21.64398689637721,17.765848297488933,22.879194417327778,19.145263716772963,18.545784784182683,19.44833747921364,19.73827925991353,19.765831492043997,19.460202667999273,21.04737201726941,18.689690301160773,20.311094444218433,19.652490586167016,20.056446999605154,20.448735644915637,20.12325082191818,21.976820876029752,20.813966208874813,20.693180016012864,18.65098019901661,19.907553750519682,20.553897052740748,19.767519262475847,20.300482125007402,18.35805128160561,19.049624942770993,20.598475299072764,21.228529347214472,21.04677858955271,19.79248294470554,20.3487155498846,19.481547844345457,20.545529351103472,20.133629795357884,20.608058614330293,19.273434907869955,19.88819613790794,20.30503785247645,19.503761174918143,20.987039484870714,19.78806982021545,20.199896083735688,20.01082909104199,19.355873648634304,20.705179156876326,21.254376699669297,19.550880317914093,19.392601290228868,19.91031442265825,20.499210470796484,18.576435635400994,19.67392867775838,19.35673112055253,18.981982485197747,20.281449948434943,19.785541462107872,20.568647790581817,19.90604865272272,19.191307524092217,21.13306903164452,20.206208570600584,19.1719220018647,19.960954445465596,21.66724504575424,19.375035404014653,20.469607544665852,20.136420125534862,20.726716882579684,18.98593483651178,19.131014869220323
20.00069223052711,19.418102431572642,20.365161287337553,18.73402975460789,19.892254456682956,20.28384757599444,21.270678320167036,18.096632925681646,20.908637628978838,19.677046821746455,18.134580925900813,21.1670568751653,18.617273564056738,19.678305104797104,22.410410496466913,20.19951977096138,20.18788357869372,19.310953508638743,20.85740442716393,20.261968201293705,21.930865825478513,20.509618941143845,25.676140937557236,21.026606451252935,19.68278310388074,20.7430311409805,19.771902249610655,20.536650510529928,20.44873342449217,18.132235803560548,22.845818100538292,20.24757033852983,21.002759385413245,19.471294219681223,19.669265604641943,19.403025548004866,19.50663898582794,19.396895544483783,20.56786692023328,20.098602851429998,19.624736482652605,19.64598276980233,19.84435077185437,20.12500875291193,19.48596426656604,19.09697140697412,19.974606226010042,20.50722983431476,18.49526588186939,21.064203004730803,20.201420577030376,19.893069690180837,21.704830273206802,18.82547219199175,19.943330879915088,20.516885950140473,18.111841176652963,19.361224702173033,20.64968911032622,20.166050703979362,21.620853373147266,20.996686340308955,21.28947952640163,19.171795230882527,20.549946798504457,22.03940574144903,19.839217198970648,18.432054113147913,19.691936441704854,17.769307965245524,22.173760924471484,19.92970027430656,21.277837521298277,19.275645160511157,18.5371483664977,19.717849883909675,20.07399341563682,20.272533359898272,19.913447047306647,20.705201525973884,20.050693344950137,20.60026626368626,22.82049428335985,20.017599258398416,20.117839637417788,19.874488127148624,20.08822049318328,20.67989584916199,20.54456996596617,19.760570929272305,19.886060451831682,19.60204567005733,19.712312288801765,19.022459657552478,18.89574398454079,19.660990107109942,19.84755430660184,19.592144910835064,20.97952892390316,20.586741879718872,19.91510228261894,19.244569681655655,19.983367757772626,20.521845473955526,20.640329682419388,20.349891490086044,19.634263833563388,20.724776890137104,19.965615976787497,21.03925022279025,20.26624963606863,19.367583572987844,20.64141779409041,19.59357064964447,19.02516350250354,19.936612573687267,18.599699442396485,19.193481304984598,19.605091129507137,20.660617470252827,18.127245208807746,19.450334500728545,19.026311918389094,17.77340119723958,20.010324391329526,19.886463320436036,19.779446683942346,19.84255538821989,19.03305804528136,21.008643885584906,20.31655752200211,19.106298961393144,20.20472190088717,20.786388351942172,18.957723177525867,21.054640971351702,19.365223121849407,21.669488702513263,19.536238258831816,20.391372834820846
19.166275420895776,18.436417904966387,19.477153456527734,18.89092307973008,20.03237655077685,19.488946131060928,20.616458436625123,18.337108614973925,21.263679757177158,19.22830368436039,19.01545784233451,21.216507700174546,19.291615740876043,18.817032899286115,21.445862107929006,20.030205271384784,20.294286811876837,20.22109875964295,21.29096543279302,20.479947578193414,20.09238177656817,19.71028697716878,26.18519920728251,20.624230187718158,19.637574877313472,20.80510673897416,19.6114684631481,20.829498979215348,19.154815442710692,19.671171217564446,20.869850724479306,20.600420812002113,19.58831854991943,19.614254568572264,19.77637366777379,19.829911239286528,19.601298995725465,19.336651453772507,20.227942695636067,19.759952232888732,19.34309844093988,19.453394429426343,19.61070228673343,20.167140787987943,19.588093428860834,20.02947473347195,19.569526150229024,20.933365548521554,17.814391848782986,19.39253508477269,22.54384433748825,19.612803405506842,21.72502196179672,20.91221451515763,21.007898344536187,20.921485427331877,18.593497260300943,19.97630494418069,20.569829844790593,22.946508050672904,20.98013490954454,19.889338108644868,21.61636386779007,20.674234017246565,19.585694979346027,19.92208552341008,20.58341599702384,18.467511020792486,19.338458621545175,17.86613776116639,20.541165531334755,19.426051205100382,23.40361109698788,19.693105481280657,18.191552870143074,19.83159707561654,19.822075742746584,19.90697351050055,20.26582190331909,20.375341978062167,20.785876383029432,20.242761751439165,20.69988468814645,19.980753340970328,20.950621634537804,19.678335810851454,20.827741304923848,21.312206347078764,20.263577664206917,19.404848294962587,20.003470682480785,20.103640487762,19.9369097502586,20.592200066683397,19.17988005217911,19.378623338567472,20.627685862215742,19.774235894493582,21.263439306916744,20.04856533853302,19.986430178275445,19.904922972154342,21.298410737503414,20.290766996265567,19.35621980641823,20.27598872328896,18.84266762142157,20.093815231024976,19.626169534166063,21.071111291746803,19.759275923463974,19.80639165092002,19.793557697746706,19.522999161649544,20.251451721258352,21.229529934321516,19.674938285945142,19.495635573731043,20.572934292424467,21.005099733506917,19.166655369777818,18.88711835532225,19.638022850876467,18.03863194413738,20.27181962888628,20.273256137079763,20.413193293487293,19.774519237580257,19.935841150946267,21.15470604843435,19.734965296692366,18.777201792551057,20.061836624994935,21.63465355255438,19.84112472329669,20.834676512606734,19.70789055393637,19.992441142465992,19.81900801432137,18.953928778726063
20.42271479378618,20.785088084542846,20.315511321378956,18.210397359807452,22.787378909351755,18.55240722689968,21.0954796028853,18.141441463287208,20.864526639855175,20.58592234075728,21.17115611965744,20.847137805840177,19.727269106305904,18.772844930878982,22.043737450859048,19.912026482272196,20.039392759336693,19.795369659482102,22.438106262026842,19.065938888182405,20.75980113217973,20.91078260091795,25.26885285095229,21.25656398157176,19.51455188411667,20.409681007258023,19.692958338277673,20.610588932304292,18.880708851840744,18.536606379355835,20.539514397336802,19.08049762038522,21.26764097142722,19.921985347353253,19.962800876719285,19.603261634550883,20.137739967914193,19.494582897936496,19.4814603801867,19.845688833444306,19.34289920856513,20.15603863374946,20.027097937216055,20.27061577617596,19.323149352394076,19.85470272193267,19.72445172802389,20.31083695105995,18.075277191417936,20.518487578980597,23.3899963484063,21.029756108749936,22.584189209438243,20.95971273092015,19.5890085058687,21.01735032315055,19.00445987974483,20.871485333031323,20.93087810336613,20.214866697535346,20.735026992321536,20.53032006750353,21.26798794830996,20.301499599676006,20.45041081623947,20.88771245143429,20.171160112870833,18.548194188095064,19.230364481040986,18.590705822845038,21.505802149103605,19.342681026560484,23.990877087023556,19.37092958230115,18.251903342549653,19.320073040058936,20.008576078879827,19.766231354428044,20.073712581774803,20.482898443940915,20.53281999928711,21.18362945212711,20.45684433958825,19.94715878677494,20.722491283218712,19.974333581464432,17.982556972523497,20.820441705161194,20.33546349961074,19.74209719507133,19.533610014515194,19.46415977857129,19.73386394412598,19.14319372783387,18.523031849048042,20.05600761909887,20.21335445254636,19.60845839341844,20.507428488474382,19.344686821154898,19.662657208009243,19.700026477118808,21.693578524842668,19.882218802606328,19.719592067341367,20.422407935756855,18.56911129540335,21.226577229749264,19.1880848624789,21.86636181734609,20.369993802686963,19.56978107263129,20.97222670519858,19.726338376817626,17.694258154949857,19.768218525830942,20.41914782534254,19.110026169322722,20.034693636659664,20.22851608658534,19.06438539426125,20.46889776518402,19.29332784156053,18.905952337630854,20.55642940702319,21.122636034379525,18.733037881109155,19.530044764282657,19.08096155036885,20.98932277229777,20.017831783676233,18.70109655054377,19.20250005429977,19.589774034831837,19.319017100169983,21.603987926261816,19.280876310072543,20.985830047171227,20.054864161482154,18.92961926414505
19.010875237045486,19.80710390118138,21.296337803051763,17.614936446229702,20.26847021467417,18.46807988595006,20.83322643886352,19.857091311102337,19.33824366502562,19.506951139468207,18.524057501148345,21.084641534561698,19.28604590878335,18.667891201700183,20.97728229302987,20.416415837442024,20.477044382719853,19.623819713372608,18.954148311363998,20.403716380028214,21.283886379414415,19.98075876677113,24.86141851442103,20.54645053452728,19.532542912768637,19.954829448686922,19.90413499048835,21.22779355729331,20.96059420398678,17.78334705105093,20.427327493282615,19.85732423110346,20.632461387146506,18.899648137636888,19.66477244729461,19.551792570730846,19.8813799366225,19.79055723369774,19.974523778790854,19.998706793766527,19.73786125085572,19.24374549711889,19.776044444618925,20.059345225504977,19.419339948390995,19.45635492885278,19.85325407807301,20.65563669056849,18.865044444608195,19.38484224199194,17.99032240192489,20.280784542408057,22.330347272938994,18.782818691815745,19.115555003867712,19.80027690470055,19.13612299032924,20.612968591058547,20.700077492371843,18.844265474938595,20.934931694473388,20.280845084485925,20.08013340355736,20.10628283844857,19.981007270468684,20.522013939176645,20.53762775432663,18.40922654026515,20.19262307975063,17.505576303070256,20.147706454370283,18.63546760362363,22.575053110262804,20.102609940809383,17.87023575393055,18.812459162647517,19.496019172911033,19.998704327376483,19.381321412645995,20.92079473694076,21.379900448656024,20.803285749506532,20.45084877540382,19.770133330987676,20.62062406370642,20.059466003473933,21.378117969027617,20.408317897221913,20.54073019973534,20.28072400105504,19.569275292610133,19.544015811584963,19.511767339184306,20.379007886414303,18.274989856468515,19.337553838130145,19.712616645756725,18.854912830755417,19.985961307429573,20.47289507963846,20.225685180385824,20.266912623655056,20.672029772007257,20.00789933671136,20.09588568829571,19.981259002292774,18.270116808526804,20.062710498711322,19.827496525595404,21.123315939759635,20.026803872442375,19.522050957211437,18.938267860663554,19.51169261646729,20.81010026488443,19.990817990578805,19.742629658571477,19.195191130653058,19.883950561500537,20.116592525466956,18.65487600068382,18.998811584182256,19.36651138656064,17.286810062965206,20.150030183341222,20.810895787416094,20.459341048016086,19.621720191405508,19.547753556140965,20.72466423607276,20.284033227304636,19.660075383757405,20.07756888650366,21.768054043650555,20.000655409421487,21.70640660510173,19.256354616318397,21.591078293386847,19.70853971121658,17.936332705591656
20.950441299396424,20.84495191141808,20.43096044193938,19.006466769861444,20.61354107489871,19.775835293271786,20.703572953440567,17.9448524465453,20.821621459523513,18.522916514820558,19.712226351877813,20.591499818013375,19.77032981463799,18.282237976984412,20.007354618021832,19.596762457334084,20.004358463575134,20.198353961813087,20.937712986218852,20.65066043472674,20.962851129038196,19.266418129838456,24.90955113358539,21.053673596529986,19.77408834833303,20.878073141988793,19.744810400867493,20.798727798872722,21.31806311345194,18.88140202254448,20.295497774987705,19.722481224116677,20.42872003077273,19.69253528262432,19.549658658814444,18.791980657858094,19.691177654361073,19.910447870765356,19.7608300667894,19.54586611573823,19.452596101460607,19.822528777568152,19.680695767385703,20.186406897149254,19.491346312065478,20.026418628310488,19.276358054592073,20.497333448875636,17.01083147685833,20.041017979410345,21.289178575914793,20.07189576434983,23.856297453935092,21.751846757140846,20.25552754494358,20.81119530642241,18.50327311406686,19.876018816045246,20.747466105705115,22.1999702611009,20.290599256316966,20.440216013407124,21.228806186355225,20.602626812877617,20.403609498893157,20.4219432172434,20.118571542293825,18.61751596749391,19.53601331706834,18.717016664924266,21.46841731765182,18.441905914849443,21.31783029199534,18.977269369042506,19.284432925229925,20.127669663785646,20.338608456176715,19.51652395829031,18.975882115020823,20.374180840754455,20.265474919126117,20.647150647453937,19.522101787592455,20.149475327235102,23.070142601372215,19.823927247222908,19.74792275456534,20.667047587021926,19.993114794866873,19.125632632514467,19.81851216048434,19.23501953171801,19.585782698805566,19.435309322880673,18.978464501226,19.071696434349633,20.04365643015165,22.20192688956153,20.239172330889357,19.462098818099054,20.550506841623736,20.045912717324203,20.947731542749672,20.018997912415756,20.18411488645941,20.03190793413961,18.535040516824306,21.0749869825336,20.820911371284225,20.453355797081073,20.33410516499247,19.24708758703638,20.20513500622354,19.360792095092673,21.563831586331872,21.08658258489413,17.801037041139452,19.573446513894137,19.483309838577156,20.250933289053517,19.194469175836538,19.79201554551305,20.12223547229484,17.27310160202332,20.654373886109767,20.69940621806564,20.127257245706225,19.4478759562093,19.498743038550916,21.285209089555174,20.65538370610263,19.526943499839046,19.676071130346994,22.75710891413965,19.38734051391047,21.392746164127754,19.494617268375745,20.857333654625588,19.129610301143256,19.179091499726827
20.352904622481564,18.729518344164163,19.733243888860088,19.27299639099444,23.819089220235032,19.42660938522444,20.938786242727897,18.68772908136805,22.1230622250845,19.131367597526843,20.162910235666118,21.241988992417827,18.70302783678507,19.674632467889595,21.9099067439519,20.727151329533708,20.070409061580513,19.338233302894157,20.871152743965816,21.481515828786176,22.330680853375842,19.94110447097956,25.28671337808123,21.27328083916962,19.780926906552725,19.778901321021497,19.718964670196584,20.136630041873797,20.328912519603286,19.18217838188842,20.489417511053656,19.299565033746582,17.38569445599188,19.826686309182847,19.66154287086947,19.65361815662441,19.74967736544911,19.439807432442528,19.349711116578092,19.727707766398826,19.715821208702994,19.754550030877148,19.634952807813526,20.063322348051166,19.694854042501518,19.414092713689854,19.321776619353912,20.222664026339416,16.909142581745364,20.597041442452262,22.07301284200861,20.875837015410845,22.097361536424298,22.242570063637665,20.130082239935724,21.0251777797025,18.38675103354405,19.598763873958102,20.45046386607018,20.49312801553386,20.657973677292585,20.79929347005105,21.27373819517063,21.114898969438812,19.792892973718754,20.574046620118544,20.64220574269586,18.82180345424604,19.404647535791817,17.98148811601037,21.52970024889471,17.65986009108717,21.457884331064225,19.206698430268872,19.206320403622495,18.885648682168384,19.62920210485523,19.71365482243396,19.656993302665583,20.53667087598879,19.88920213505441,19.979127621124622,20.723617707778956,20.042965404541743,19.60704863862376,19.896279329548268,19.965962330541057,20.9250812685363,20.304024440017134,19.043968092198458,19.65537266736444,19.69304955022744,19.74330776021574,19.272173287752416,19.076303063605977,19.562624638525637,20.63924078555634,22.98218334283199,21.221033022227953,20.30812095028697,20.68862475108182,19.868985299998435,20.742746327363637,19.86635157699171,19.77596501854398,20.249603019607086,19.183698643859657,19.97717254024532,20.165001439069066,20.502502415541457,20.04588957291461,19.94636253925913,19.698860740630906,19.470298472529862,21.78051325693906,21.6803099837314,19.65644037197775,19.522011700782038,19.934780927590467,21.264690787809045,19.076143566807644,20.068850099224075,18.884977259311437,17.863332042952305,20.1902520690202,21.12999146232448,20.061021387828426,19.987862707841945,19.677779394035603,21.163428064185283,20.029118012394875,19.069175738044365,19.925279631443836,24.54617033806158,19.35164037172741,20.474945487056278,19.844793619072803,21.149611024289825,19.345948049491327,18.44644118783058
18.819048359491195,21.138062561499734,19.994450643415348,18.22600626918856,21.865942850206306,20.545143682375247,20.78201480817223,18.343368177598666,19.14605134535744,18.62529287575667,18.356437908324867,21.138230833419236,18.967086032945176,18.018235966413535,22.993280533543384,19.19313014709214,21.392020693226524,20.204142601209302,21.56033329714165,20.749584218076002,21.630128489400725,19.062752231037823,25.729715553383368,20.84554799878996,19.68880611574458,20.531404974618038,19.77289974987028,20.07889508518777,20.83537807479684,18.377928677479982,21.486144047007745,20.007261776032124,18.85546621592853,19.5229770412231,19.56287490341596,19.897538297760068,20.09134815170488,20.238243952174557,20.26139385287177,20.377542226284014,19.167438256335274,19.545683284221287,20.106914161207055,20.016252003477426,19.749890106509714,19.83351116819275,19.516046842924,20.384592589114522,17.668682528177868,19.803124861331998,20.42169092981928,19.818062677897274,22.835445232574127,21.47875120530408,20.7903360554617,20.67825740686064,18.06998477006732,21.744961746047245,20.532673935511585,22.18245134945032,20.66810567719486,20.253097883701436,20.63788971983489,19.987511685234036,20.35656841193948,20.16502948933622,20.46376755088566,18.46565489666452,19.53477413870107,17.995099236608535,19.95237175155348,19.461295676346865,21.425621996934485,19.497204094346124,18.580820315742645,19.744473920737082,20.249231208597593,20.13570313489015,18.97705001665301,20.765671001501033,19.608528305189562,19.37660023815118,21.295368256209546,20.165221497255104,21.478052452861444,19.821900509837707,17.784185201997445,20.887724860077203,20.17911584824236,20.491651831116194,19.597969846807036,20.20145923331274,19.993299587232222,21.10523397322836,18.412305771408782,19.250153686981026,20.48505691363857,21.222625898210666,20.482281979694584,19.54423147684095,20.89196714248444,20.467849428411053,20.59028456962812,19.808860871184276,19.869763481739085,19.764281290853578,19.786043566885077,20.635082431336983,19.718609490779098,20.366983089540287,19.835449500328448,19.177560765158972,20.166686918137373,19.751428540444397,19.71192656697715,20.737900674513305,19.207116608666748,19.22098896187,20.466130687616644,20.624938994034196,18.73954637634543,19.70932821619231,19.185979351896357,18.142830896753782,19.482571510384037,19.654858423253728,19.693076888486345,19.518915237197078,19.598615705221874,20.981939104405726,20.36360003226048,18.62832031676472,20.120358453423584,20.913902808996212,19.35831787105952,21.25618856173815,19.394089093577893,22.12896592100398,19.835496263261607,19.72199115881909
20.083694147079516,19.49960449587458,20.99173456362686,18.919108532183547,20.10272246815608,19.942665198415,21.134652871984294,19.023070840865824,21.344372030990787,19.871029759909636,20.714112476044935,20.73634988620891,19.616317906026925,18.963265873154917,16.99602953515884,20.082262746884535,20.824891694115728,19.783741535943797,20.9173860518212,20.144889194933167,22.660939693107753,19.816731147867827,24.8947800764339,21.225724307589964,19.400074397345673,20.697796309496454,19.86235068569136,21.519694281509963,19.5801036216886,19.590067746596294,21.315702247296223,18.897910067680442,18.609887670301763,19.801650209350104,19.574899252312083,19.472924791025587,20.034915697788517,19.163466069084333,20.15697904359643,20.15170037037931,19.531579678126427,19.64725557840104,19.956337017413354,20.050726762774666,20.029917812234462,18.38437793681399,20.00888601037024,20.073448471853208,18.30519374208583,20.325885999511215,19.4211802252976,19.767818771455122,22.66549785870698,19.146021565559757,19.89335140164345,21.117355846054135,19.081196221516187,19.219981437692486,20.47396734815402,20.65635915590509,21.381634554484982,20.18306651587522,21.478531967375638,20.264112045549034,20.282553001418915,19.606474543200946,20.502412893606667,18.278432701471928,19.539606260456345,17.948169488317276,21.298104478425472,19.67468088991129,20.77879972342758,20.080038616978776,18.592915504577544,18.762628569993655,19.863750247330724,19.712187422864915,20.03376494533202,20.632374154653828,20.222284322294474,20.223369425282957,22.641975231313715,20.133180341460502,20.499787618461742,19.927314592191138,19.499970684159905,20.446054912982593,20.599076789323046,20.564366141010602,19.73357657561641,20.06124106792269,19.901705927895843,19.694014868133014,18.40028193219846,19.484095700800186,20.417583449964823,20.255016330680803,21.16347761144995,19.726783864926805,20.367894115459183,19.931746955935576,21.82011135733173,20.180996159168075,20.148151005232783,20.02900201941414,19.498814412599152,20.778112680061902,20.06041644603261,21.12283971702513,19.957906585895536,20.340643248543973,20.067683117071006,19.440799232088043,19.09347220409765,21.233614089002508,19.744007825331202,19.261479585749946,20.411773856658698,20.460754737591074,19.552945457176623,19.95956609320465,19.09563208313597,17.352207547839292,20.055907741657492,20.752240383487003,20.30177352227291,19.948694774340897,18.6995041276041,20.52139836362323,20.809945114869656,19.21690515713082,20.50510235788931,19.168563739735124,19.76048156776345,19.936333560713347,19.835813718102884,21.618268802885293,19.273463805114336,18.66658077520991
19.894468714010905,21.73603277180176,18.42468420078,18.03765305643874,21.813587938360786,19.515559258211837,20.87411194546018,17.756738828665448,18.979806891857077,19.469999846056147,20.040874978285736,21.173701536857713,18.562547567772366,20.154592356077263,25.253595332731933,20.282164985332113,20.246720952957606,19.435495897579244,21.06451696749038,21.550605777640502,21.790984663630052,18.942751138047818,25.196897269138763,20.994898625363646,19.695691653144344,20.804660673384827,19.455511558117706,20.823870999247735,20.797949693430542,19.409760961621036,21.44423702566223,19.02071159834352,19.162815140348243,19.72872160262422,19.705756111717495,19.201747003737683,20.08487537057945,19.42763583900926,19.690436724283142,20.323848528453876,19.986826818553695,18.37389156376976,19.599395709855735,19.976222644683766,19.594425898254347,19.42437798981974,20.49955655039961,20.36703255925532,17.49816378214099,19.070826930376686,22.124491145253614,21.020971884714683,21.62510769620506,19.005164419053653,20.143644306320944,20.30445430234831,17.813700127981924,19.443566159391366,20.4214916523251,21.91772015497893,21.133270623751777,20.15573223340948,21.18182274428425,20.502945517232302,19.823589004100807,19.89777893746565,20.42494840992037,18.69572978393793,19.734287447092427,17.214054896796156,20.215387543420718,18.963421178551844,21.331928082634278,19.64374875317582,18.633913532663072,20.035713671424382,19.645275039093796,19.940069421109907,19.661693257239538,20.729050475073862,19.64967991602426,19.680246643502656,20.87134004759813,19.797829612361017,20.049676201491245,19.769562421048104,19.336562852466486,21.08718409845484,20.041159601190515,20.216362969142136,19.363498798454817,20.166707514703763,20.03702712499121,19.764196461962488,19.084241346548996,19.11219216725313,21.07047165189711,20.480317083208284,20.403015682565446,19.320866616070948,20.67566886233351,19.668438443576626,20.733991300059138,19.936566310877886,19.630989344439456,19.165845931099067,19.77352705655499,20.60227626650825,20.13984781851746,20.944934601576744,19.861606059304474,19.4133474814983,19.712333709493986,19.766567060031768,20.468058909357083,19.586820201215083,18.719535286085158,19.627893022168532,18.943862645024453,20.353653831779884,19.668822963988404,20.067313201035635,19.393472286949137,17.225702174271458,21.407128217663672,20.303516348471696,21.21316843644135,19.259678956263325,18.842348700477263,21.49430914893721,20.266642162443905,19.80196680121841,19.053847144961683,21.030256315838823,19.515969904570035,21.213628985591797,19.737496871845416,20.47560109632804,19.75521334022081,17.838856341780367
20.35416920814755,18.439010220265676,20.59253225942699,18.93134180490225,21.265773971652607,18.552458093672293,20.549139228250592,20.161380424314824,19.843290398728065,19.4338247575112,19.973024758823147,20.952206937724263,18.81208090647164,20.010915657652212,21.18158257192564,20.74096891473181,18.465018556937427,19.397883516148916,20.790537033361403,21.247773202737704,22.497516919565093,19.742921774017987,24.550795050079323,21.22932713440882,19.719829670653006,20.35252591617047,19.953146049194082,20.566161110746275,21.418188741524084,19.368365948876562,20.357331521627962,19.448252608538972,19.356828188305414,19.58933497853827,19.45387919133266,19.655346813968663,19.678485891611892,19.837747530092006,20.010501951799824,19.540167897143544,19.704526635937647,19.995881021428055,19.928535927137702,19.969286301695657,19.53525386498713,18.545680382102415,20.299136288765634,20.255022879460547,18.700606896769948,20.547027860218886,21.7148471445926,20.518518715977606,21.358189343721854,21.36707961086654,20.790518234925226,21.170015480830955,17.40942391562905,20.602094570868072,20.65905394956365,20.01910582014743,21.420788941560197,21.03066531188306,21.469785177571115,20.711990060110693,19.73168004327496,19.11477711041864,20.773133042323405,18.657125015973453,19.41089527478132,19.425019678084272,22.000200328774426,18.25416953538421,20.526613702101777,19.237303946846204,18.484554854620505,18.731295113749063,20.27902259990243,19.604124728451385,20.571760240310002,20.168416610170937,19.95959078936418,20.330819202221512,21.972061149738046,20.00652530419058,19.49741921363361,20.09132994653995,20.93159147197388,20.786654569009936,20.659378146695577,20.099201136661115,19.91732077143206,20.02026452039872,19.763224045625194,20.31341562273234,18.690058085597652,19.26371244000004,20.561625968935896,23.499070824635577,20.408152770342134,19.622165282064433,20.467385491191497,19.99096470221228,21.312577016927705,19.399849972244496,20.177509124857334,20.593930134491735,19.017272343314563,20.37767473153848,19.882442554714466,21.748143115674722,19.589905547194615,19.21002310209495,20.61238862678781,19.799717795082806,20.92822049669621,21.24593713751377,18.791176559610943,19.689854122259987,19.679874365729056,20.8158411955632,18.92513211265607,19.440795516579918,19.651059600111594,18.745296362284407,19.844725150309632,20.291110387747175,18.964008251350283,19.49665095409081,18.80107899305591,21.457515600430433,20.10924994156719,19.749263768779272,19.0754389610402,21.17215549837486,19.78817698402592,20.380565040682917,19.43854191907267,22.352201067148656,20.069403516157696,18.805882662630548
20.5998560174458,18.876452832968607,19.65578948428345,19.717588538565675,21.580001009464482,19.262546303420034,21.549703566728574,18.197709961502945,20.076657930034614,19.968152294015052,20.39122910785049,21.215643551463963,19.07225526239645,18.218596258856092,17.78350543165508,19.823196767407193,21.198022098671046,20.994336185401142,21.52428424577096,21.889569680120648,22.840557095923145,19.095379815525657,23.888019184866533,20.532753256324153,19.68052728413321,20.653006737971218,19.91848192338763,20.541963181660947,20.248046381652088,18.795767245295032,22.476781680936973,18.488787807925384,19.67125325579225,20.08608211871496,19.531102321554034,20.00834035435106,19.54713866708593,19.54901930367574,19.70496839094309,20.055373498731992,19.55003472458177,19.081642831402647,19.820460146819034,20.164744482459607,19.609273542351715,20.07310153379845,19.3722648381875,20.84169656310537,16.58673231185491,20.04795403620685,19.30167897807176,20.815715699851093,21.292894650233986,19.079427732371904,20.32514759110469,20.897779571182664,18.442325801444973,20.12801220563063,20.90572870931469,21.924279112219608,21.07843936744629,21.055490987442827,20.69423214298685,20.845450195328905,20.07694949851661,21.663618913239958,20.511434375354572,19.23614462056087,19.710617650369805,17.908263547292172,20.49896597070165,19.84291344111687,20.396668766630448,19.778109262606385,18.79712285454651,18.71406213290606,19.894976378975855,19.77983563914811,18.943155870807292,21.151910246023423,19.964140083036714,20.380850155793066,21.394169692277572,19.68358633671154,20.240078585939514,20.04873479433024,20.050165508285087,20.448863162445324,20.252506645390525,20.003649843614255,19.441629191558253,20.259319996321043,20.034115352288286,20.01390002608824,18.83981622316374,18.969859669540327,20.984878098276496,19.02736492271332,20.681127339107334,19.733101268488724,20.652731442501633,20.266802120769192,20.45852892497024,19.83437062763301,21.04687084087958,19.926396569024853,19.986457376076366,19.940987007562377,19.676317774296724,22.765420828647475,20.46391815031333,19.307244804839016,20.10743812684953,19.805051047198592,19.271850417291937,19.856925930812352,18.388778969422546,19.006228183352427,19.751892658071167,20.318694477840836,18.241649169687868,19.932353753833112,19.335011994258707,18.456234556888635,20.383404220273338,19.86153823099888,20.481298187567855,20.63070993030482,19.044108830093986,21.517571561646385,20.33946774145616,19.841737144280906,20.51466574503217,22.847059956314,19.667591750598003,21.336230285296466,19.23388913888821,21.701041010970044,19.273308084674742,19.11196082477007
20.14862597683951,20.66819993430745,21.043822402332353,18.81607139081727,18.805180868518615,19.25197226581725,21.26707708159075,19.535333138859702,19.528161039496837,19.998686305212484,17.959264302958015,20.915805120058067,19.886501875986703,19.987526769860754,21.329384303398033,19.88904056672942,20.006801616001532,19.201122991327136,21.844114170387137,21.397524784736195,20.7369957824522,19.899461052626183,25.309231009659616,20.58922645568803,19.481816167406283,20.270281539206316,20.060199918488728,21.162719693450125,21.124805456184028,17.978683810246714,18.742746599070422,18.494455447342382,19.492017938169454,19.84796186250644,19.313469653400194,19.815022062264998,19.890934386425254,19.27405848811299,20.490905706809976,20.000959327813305,19.595304544840097,19.56336335656154,20.02239297778999,20.189834231488476,19.367863456383773,19.746205672910083,20.43024990369853,20.371833762852546,17.114540924370697,18.929806065681134,20.850922985315552,20.93394637714335,21.916922101883785,20.332308186987273,20.400338812504362,20.44693881032668,18.496109036467768,20.654973549085106,20.603681981499413,21.222389486727415,20.757365061377445,21.68774327425159,21.201336011143734,20.61553577046483,20.46744239804705,20.413958099420675,20.17945576525063,18.1369009288231,19.19456292105483,18.95520293649035,21.086803007875574,19.894897428626997,21.099936641735287,18.50628393144127,18.47506385993551,19.227820459643283,19.776754910213974,19.87934572235357,19.91204991296703,21.047281200513343,19.526236267722332,20.18177782781753,21.331284469307164,20.20853536110187,21.32439269516596,19.67185872874525,18.25160141418487,20.63759078598109,19.767709528849956,19.086947061915698,20.051972869519194,19.385564639363555,19.69658378679292,18.6063340967925,18.525159183405105,19.459465493548755,20.730384948166886,19.188226039537184,20.21508166071789,20.60576512043268,20.060760534350653,19.708064887555558,20.136624432182995,19.521702308956424,19.91167646010387,20.02880228843178,19.571034849784265,21.239096153342917,19.29218471303541,22.180833044540773,19.780375003184346,19.17646322435263,19.177452895718414,19.757702538530076,18.575000291922485,19.235898894822817,18.908487226578565,19.31658398207127,20.792935923319668,20.46636883461692,18.991184695876434,19.679499904197403,19.25137576507428,19.10745074895697,19.829311701342267,19.810543236435905,19.956025664597835,19.97627034252335,19.64103256741654,20.91500390006144,20.04503624240995,18.68331933180671,21.264334614180196,23.091255940939984,19.742972997043072,20.848859877569524,19.77455190987799,20.791564062911664,19.610632736439477,19.337371413120717
19.80079445934121,19.79347021356686,18.00519436640632,19.415150832455502,18.401208264071734,21.077633494015007,21.27809381013091,20.34825693579562,21.654028724194216,19.011442000046692,17.1759451745753,21.4723946606479,19.13471438506171,19.967585660441728,20.774442318063066,19.786896616114024,19.927250342740727,21.29429971626704,20.929364692364413,19.823063553529114,20.411720040705745,20.216840497699867,25.17124584457691,21.056551938889594,19.241982155290085,19.353029198738852,20.063967568676183,20.133014001077516,21.71676695342022,18.907534775258696,22.22311016174264,19.81961280143783,20.038416128919184,20.025850024900002,19.6290789722174,19.820746870478327,20.035905030042795,19.377067846229775,20.09208089797682,19.793293710899064,20.186680274244647,19.429548281251016,19.98671748764766,20.205267891488088,19.913824548487778,20.2380092605344,20.24114404826418,20.300345515747914,18.316141431684827,20.096216499401184,19.56127779239239,21.21616688522668,21.380431726518697,19.823878285473008,19.492562567118668,20.3053432548345,17.17829183747038,20.699838545795487,20.74441446302245,21.6934339883103,21.21476613262031,20.622339756931538,21.643463601380258,19.40390548761945,20.194087160768866,20.412534755395715,20.27803865745422,18.671061274624,19.44253452357234,17.35872459818562,22.321639496702787,18.378941742429657,20.989900186648775,19.089068321103007,18.383684411054205,18.537147557936983,19.562591752101035,20.264661846064147,18.757703508472687,20.458472820229662,20.577871616383227,19.717130057741368,19.593547087371405,20.129364270928562,18.795198501298387,20.272415305026662,19.19013679545684,20.981245809878278,20.253050256902366,19.89009723932689,19.76178986928336,19.276977532009813,20.0668433353841,18.910434598506047,18.70940791601082,20.746965794079813,20.37889832148598,20.987486308284204,21.03099388217318,20.26018733147886,20.480168638517362,19.442964657206243,20.81557690777629,19.52176111050287,19.608388259130113,19.70951442674249,18.379674617671938,20.067338139460663,19.864998121183735,21.463844248668337,19.743568123217994,19.263401818677664,19.98321035769771,19.99050563529106,20.24655779217753,21.51590904626546,19.211597725969725,19.48751787043692,20.261691952018637,20.477858536704076,19.302385487553693,20.058630569343368,19.18088781282828,18.781738136764684,19.741734322230517,20.574447911180783,20.019829424919166,19.36483501488162,19.962311954369493,21.183070905853906,19.97559246832743,20.39738616371537,19.657008327152152,21.916176708184093,19.637772476438553,20.480583742591776,19.615730329125476,21.657234331700373,19.728119751872885,19.231487983845604
19.039089387237652,18.142873787965264,19.109667231889865,19.506848649912428,20.382339714405525,20.465579676980507,20.976750241926986,16.987649437992996,22.967663166158758,19.84839356554436,21.715091698465457,20.981349175649967,18.779283309007784,18.65539299537735,20.316236187038264,21.277063710427317,20.903677946454994,18.922798146535065,21.52258064798442,20.391615414091554,22.196366470971036,20.92952303054637,24.202488445789037,21.345887195769887,19.76409229668065,20.835292351794564,20.252595178119588,21.23635648423947,20.20351378679676,17.86551367667123,20.354194357399635,19.055092535482473,18.826483080727698,19.559036852090703,19.478090506213036,19.687469981212068,19.95351422729853,19.996919733098284,19.488560814445787,20.1018969629898,19.74066947617457,19.099830753968046,20.041030249386004,19.997822396109985,19.953071050317014,19.307993898790237,18.706816630179485,20.083361706206766,16.59655196626257,19.073392622596614,21.619367973527552,20.560442902812905,22.13063880617866,19.940360779151412,19.66341375107454,20.74380624990927,18.07443117985637,20.489654271196493,20.51211087203507,22.345960581468283,20.63371068605045,20.26724987183076,21.378289488782386,19.566112258979064,20.620706079653992,21.39497295423889,20.392283301311693,18.822513641774066,19.329659286420718,16.922715146823084,20.383184271090965,18.31402419740732,21.393228733234658,18.9269668046873,19.20834762086683,19.018924945386793,20.266116949180887,20.076914387355288,19.428323595722848,20.099712785895637,19.864055775300102,20.694812785511164,20.43282773890302,20.23581324847035,21.01891567398423,20.36833529395091,21.979438349340462,20.476240783971733,21.175409754267402,19.980449746818213,20.034309843869806,19.527828358274842,20.043136384354668,19.628026996911515,18.641648791327437,18.64595146107051,20.302019104272993,20.8186597058663,20.869326788572458,19.697638284936193,20.32903306697551,19.08602489909021,20.496672036990997,20.268837075241976,19.88898060557152,20.227158064760804,19.50027285440667,20.55562238839822,19.015320599342914,21.666104994721305,20.20181323042405,19.33759167617484,19.760627175266233,19.436865185352495,20.53667138524772,19.296962025953682,18.897723915057075,19.251691628232102,19.761673000416515,20.850894937332058,18.58089211827298,20.16164968148967,19.117709677798732,18.843224636830595,20.13321709210139,21.167297431341094,20.005982443213743,20.273588084041585,19.74787663122704,21.04437423683628,20.23163907122742,18.854739948492927,20.152020026883342,22.355595147852007,19.346682002173267,20.935715570067217,19.775013916648557,20.242122822281107,19.25784025434849,19.143064683216075
19.73329408374428,18.12255882519801,19.97790059421431,19.09799256801915,21.533818498225067,19.706106415353364,21.07848984743345,16.67019546134825,20.595791268141127,19.275630593733364,20.243298410008773,21.158635823721173,19.870052821837223,19.153335436087296,19.891870959132902,19.069215593320365,20.2782624228411,21.06000065718774,20.90092475018697,20.967504820886777,22.522523281037774,18.734364763654522,24.336714065913633,20.81611338316181,19.652367962893955,19.747502306377772,19.91442086988325,21.256525700301033,20.621225053374726,18.87730293023443,20.200896214535234,19.978947455661594,20.158156827932153,19.584365083991845,19.756089145245777,19.984526797263594,20.038042602316796,20.01823487994255,20.126153126529438,20.094381492580265,19.867636552985054,20.625317416248247,20.11767363997342,20.190428031040554,19.741521704762235,19.85933728732389,20.02595563983388,20.299893101284187,17.1107245930152,20.04052229320224,21.04549260047488,20.652867729542997,21.62845787894776,22.313135167422594,20.04001018273352,20.512833847779813,18.427054315513953,19.946627127651674,20.881498664262086,19.78105541192827,21.403189902771523,19.634421479122018,21.638807823445458,20.421738240049393,20.719667481917888,20.327531367098924,20.181283969719395,18.583830091705074,19.425409410008207,17.79423735189735,21.49916371694893,19.692545248609743,22.22468302825734,19.54877296650196,18.521330824350347,19.334944289921683,20.086648901056915,20.050249748609165,20.18468498853135,20.316198631249936,19.674689739027894,21.062095138113328,20.22224475464926,19.85265865490796,19.174327805345634,19.9573427673652,16.396933396940813,20.662734828212326,20.478964403944605,19.651696330627715,20.174939898211953,20.181967796850387,19.470356405522452,20.795053667706366,18.76357332780492,19.61824469156125,20.478747378838353,19.007960692254922,21.319624598928634,19.57150577379037,20.378447012622896,19.334361072729045,20.567323771343162,19.94715842570918,19.168074276529662,20.24245995434014,20.01860275324432,19.771695447831053,21.636904805234703,21.784952384583082,20.519350499476204,19.318830682581904,20.070078341679377,19.924603908055293,20.0907805521367,20.94131361810965,18.590569515686266,18.78224162314017,19.46765462470356,20.490693318242954,18.18985037165046,21.275614449067156,19.532560876351205,17.131111804386318,20.592107930128385,20.081501995114312,20.25439873634004,20.084959805738126,19.08140921391341,21.354739396700666,20.000038711790246,19.464869148447463,19.20635560925423,22.827283842708038,20.07991140082845,21.08543147667191,19.444119873527374,19.685846419585303,19.40423274537001,18.686168686035035
19.907824106918497,20.262696096957427,19.405070822080965,16.994599449243374,20.496796225182283,20.59933664127951,20.739054300348748,17.701866677997696,20.20347855599568,18.96891803561178,19.926106405257027,21.15255986420325,18.56159325491724,18.694534160082963,20.17139484294195,19.497638236122082,19.786865667202793,20.634659833932073,19.783228524692493,21.16129231653271,20.970585915450222,19.70542261984674,25.315389705644645,20.914040149377485,19.374213398523604,21.214668172323957,19.89821169096223,20.080501390041483,19.648272189974804,18.218831981231645,19.050321753527104,19.99962585833295,18.613399443067213,19.5548224488624,19.238851469337053,19.30160682754732,19.906098723180797,20.104628469359984,20.006031792200705,20.27244994019119,19.20464336485074,19.328503205322825,20.017211080413112,19.848456852358115,19.58984521486932,20.021449731194895,20.740214961364234,19.9205024540023,19.05884499708071,18.884722463451336,19.259702545753868,19.69888734613849,23.09020502689762,22.493532371595194,19.775291225567173,20.725908701895428,19.56321312944606,21.327426124145315,20.86295605551837,20.631441519565737,21.0583719063787,19.916019003538686,20.838172693771575,20.105180804334395,20.09858640380486,19.214656243234973,20.482460343248306,18.661792025801635,19.096425820548358,18.780915946119368,20.8536927433815,19.172489000427053,21.581112558554047,19.842647378806696,18.196568523117747,18.687380734791205,19.87875152360949,19.457193226600086,19.793624517970404,20.47853092813418,19.327438648559916,20.540938584914787,21.130222843550392,19.971033642533307,19.323917487355857,19.88969821620006,18.0942526207865,20.567493264674457,19.741754381597346,19.290410565611896,19.886244566625734,19.986076576742928,19.888162818840453,20.268203203915647,18.71143888742776,19.467147173926833,19.959407290826576,18.487463989415655,20.15034091339777,19.42288673004821,19.876764189131695,20.35156884406149,20.7368755497825,20.225887894182133,20.085250200106096,19.926439138000372,19.377802055150333,20.51911823723688,20.285426425513524,20.81086970307981,20.228058163658265,19.46252247539061,19.18283019643039,19.223436217554088,19.70470293651799,20.000957718985763,19.605781522895033,19.54910512675142,20.252109730668863,20.459930351023115,18.79449937553328,20.61007484981122,19.40788223408811,17.44788442510324,20.07520582263273,20.307238216518808,20.408941398259532,20.097931691023426,19.5893226630882,21.17585385319701,20.63362310975992,19.552688450024384,20.84297962008618,22.40758447724418,19.638988952412884,20.805144259641715,19.645088164372396,20.098914590206977,19.191230634784322,19.22866561428976
20.841888263867965,18.57275531959622,21.160637323740872,19.424312434168915,20.505259723776383,18.687258847683363,20.47709569008662,18.304973808150617,20.791410995921765,19.197999658467833,20.898546687831182,21.240452248687465,19.712457479113848,19.690281944594666,23.131411109145724,20.161046788660727,20.099748678318797,20.413868264023538,19.758758376909277,20.38033791242845,21.26311502948455,19.184448410779265,25.340811482056424,20.57101501869232,19.66519553106759,20.940813634785446,20.211617697670018,21.28222113158347,20.272125134120323,18.971933851575834,22.960003590963613,19.22324402666915,19.46693249183995,19.538361511177175,19.50796453707874,20.202131181738064,19.85046496576681,19.792113439897882,19.826850538458807,20.29929025621784,19.47925011410557,18.90082669587091,20.04206427611661,20.111074384211477,19.293748669224193,19.07761740664185,20.251909558276008,20.178345312196747,17.91587682368704,20.488693480943112,23.15687299851681,21.006938323763272,19.93897533048191,21.69683113830381,19.85310781836407,20.040403511286343,17.76588801284462,21.209665797907792,20.85407223682042,21.12668249174383,20.770713275853375,20.357369128411538,20.708578420238585,19.707514411567566,19.46738218610794,19.569381537413264,20.550450923048917,18.043416699284673,19.570534904458516,17.63576821424912,21.539989523691528,18.650459027952117,22.079086648050378,19.858139920689535,17.72385271322038,18.5839787778016,19.858808455427624,19.82126718177692,19.30691796424267,20.780984979687414,19.94593973326726,19.57636982657753,20.30874584450542,20.20289204333377,21.692530983802214,19.62419395428576,19.570086414854078,20.86882275841585,19.966578490442135,19.494750374019034,19.51757027938617,20.14873613842276,20.086419442348483,18.304136788556743,18.771440840084484,18.598396799825608,21.729100902716315,21.19442272068089,20.992375693371198,20.204695568267965,19.77716908135127,19.69370735517084,21.084136476036843,19.63747853019146,21.580165718507306,19.75242154666408,20.14145151830389,19.916069160760422,19.630548201382044,21.218908086413233,20.411067905265377,19.05800469219194,20.555818152714124,19.865418639611274,21.788504822949488,20.99005020038761,19.90337541641401,18.794703759586525,20.044094588039165,20.529929257954553,19.32220701106145,19.22211967658619,19.451145977144776,18.76766446732064,19.89479671397141,19.25402969471958,19.54412863406469,19.462420404023952,18.661436351132505,21.492400217949577,20.70573059157891,19.372041042072787,20.40156890645443,22.090690338305084,19.53443417245388,21.333775651739835,19.970293862597938,22.077989194079613,19.54071887302964,18.46072734071752
21.138540698276866,20.80257776366286,21.101965403784938,18.94700575689127,20.27713812198595,19.25345809155461,21.002000231374897,18.813997853083624,20.375733723576772,18.912790235417106,18.685783780249142,21.254891278934195,18.828908328010108,19.173887933346784,18.220713047443645,20.04379169052493,19.782904541087802,19.381206625270735,21.35850406076196,21.20026812331496,20.32931385505105,18.464872105318534,25.285096176008135,21.028724372310773,19.615088223420962,20.309814253612114,19.771467718237428,21.585828426634325,20.716302259955626,17.820466576724,21.115732939644612,20.48761108909557,18.71744325637498,19.453666774491897,19.719860756444813,19.84264578050131,19.77382595020021,18.84793854599628,20.051560776704374,20.16885584091664,20.004115906735343,19.196882181018644,19.923601259109393,20.21407027990194,19.854674786116895,19.53648388330185,20.3455635480803,20.769522134824683,16.552660875542173,19.208986505759704,23.397324164489607,20.773523156857223,24.875454119379686,19.16669844051781,19.057641115233885,21.056878812166836,18.21565063757156,20.331074464810545,20.242541314733945,19.425505389063968,21.34918198548285,19.917978772540025,21.479950971657004,19.90879524467175,19.718000398950355,20.462741499939522,20.13421505783017,18.80627813722817,20.158676563288626,18.495730392435835,21.300378313827657,18.644296447188974,22.599034821597606,19.232182059020197,18.572212845025188,18.160020808026868,20.341961490182715,19.97365762951916,19.78769044036428,20.55866017574304,20.035646623261776,18.932566593858816,20.19711643358016,20.009705597107168,20.644834136926534,19.943684561115365,20.95077858334503,20.85324961374549,20.368717461735137,18.70540850790488,19.779952907866313,19.889101090252694,19.741802027297634,20.757737153730538,18.666170217766247,18.841566320823542,20.8063784100737,19.94307342847393,20.116703292416993,19.50005357973465,20.08452025181399,19.54482340504714,21.77443109328972,19.97741761519153,20.53145024031422,20.28373756744308,19.097073894342053,20.303500623489885,19.366392445744896,22.47094159184404,20.023130218580487,18.704333058348727,20.341975227031135,19.25639480297039,17.2232136404863,20.843351112454954,20.11504611830766,18.67085602641028,20.168757826809724,20.802154735294003,19.687007881347572,19.9236664699714,19.000294093523564,18.505281824797816,20.436698283407967,20.210321630844717,20.79563032983942,20.120150926883344,19.385846594819764,21.593913720305576,19.978106479321315,20.0651935569347,19.935456040739798,21.679669636659096,19.69292729075911,21.650621515271006,19.788462362468724,19.379473631106155,19.20876876274668,19.18668504554011
